n_epochs_elapsed,1,2,3,4,5,6,7,8,9,10,11,12,13,14,15,16,17,18,19,20,21,22,23,24,25,26,27,28,29,30,31,32,33,34,35,36,37,38,39,40,41,42,43,44,45,46,47,48,49,50,51,52,53,54,55,56,57,58,59,60,61,62,63,64,65,66,67,68,69,70,71,72,73,74,75,76,77,78,79,80,81,82,83,84,85,86,87,88,89,90,91,92,93,94,95,96,97,98,99,100,101,102,103,104,105,106,107,108,109,110,111,112,113,114,115,116,117,118,119,120,121,122,123,124,125,126,127,128,129,130,131,132,133,134,135,136,137,138,139,140,141,142,143,144,145,146,147,148,149,150,151,152,153,154,155,156,157,158,159,160,161,162,163,164,165,166,167,168,169,170,171,172,173,174,175,176,177,178,179,180,181,182,183,184,185,186,187,188,189,190,191,192,193,194,195,196,197,198,199,200,201,202,203,204,205,206,207,208,209,210,211,212,213,214,215,216,217,218,219,220,221,222,223,224,225,226,227,228,229,230,231,232,233,234,235,236,237,238,239,240,241,242,243,244,245,246,247,248,249,250,251,252,253,254,255,256,257,258,259,260,261,262,263,264,265,266,267,268,269,270,271,272,273,274,275,276,277,278,279,280,281,282,283,284,285,286,287,288,289,290,291,292,293,294,295,296,297,298,299,300,301,302,303,304,305,306,307,308,309,310,311,312,313,314,315,316,317,318,319,320,321,322,323,324,325,326,327,328,329,330,331,332,333,334,335,336,337,338,339,340,341,342,343,344,345,346,347,348,349,350,351,352,353,354,355,356,357,358,359,360,361,362,363,364,365,366,367,368,369,370,371,372,373,374,375,376,377,378,379,380,381,382,383,384,385,386,387,388,389,390,391,392,393,394,395,396,397,398,399,400,401,402,403,404,405,406,407,408,409,410,411,412,413,414,415,416,417,418,419,420,421,422,423,424,425,426,427,428,429,430,431,432,433,434,435,436,437,438,439,440,441,442,443,444,445,446,447,448,449,450,451,452,453,454,455,456,457,458,459,460,461,462,463,464,465,466,467,468,469,470,471,472,473,474,475,476,477,478,479,480,481,482,483,484,485,486,487,488,489,490,491,492,493,494,495,496,497,498,499,500,501,502,503,504,505,506,507,508,509,510,511,512,513,514,515,516,517,518,519,520,521,522,523,524,525,526,527,528,529,530,531,532,533,534,535,536,537,538,539,540,541,542,543,544,545,546,547,548,549,550,551,552,553,554,555,556,557,558,559,560,561,562,563,564,565,566,567,568,569,570,571,572,573,574,575,576,577,578,579,580,581,582,583,584,585,586,587,588,589,590,591,592,593,594,595,596,597,598,599,600,601,602,603,604,605,606,607,608,609,610,611,612,613,614,615,616,617,618,619,620,621,622,623,624,625,626,627,628,629,630,631,632,633,634,635,636,637,638,639,640,641,642,643,644,645,646,647,648,649,650,651,652,653,654,655,656,657,658,659,660,661,662,663,664,665,666,667,668,669,670,671,672,673,674,675,676,677,678,679,680,681,682,683,684,685,686,687,688,689,690,691,692,693,694,695,696,697,698,699,700,701,702,703,704,705,706,707,708,709,710,711,712,713,714,715,716,717,718,719,720,721,722,723,724,725,726,727,728,729,730,731,732,733,734,735,736,737,738,739,740,741,742,743,744,745,746,747,748,749,750,751,752,753,754,755,756,757,758,759,760,761,762,763,764,765,766,767,768,769,770,771,772,773,774,775,776,777,778,779,780,781,782,783,784,785,786,787,788,789,790,791,792,793,794,795,796,797,798,799,800,801,802,803,804,805,806,807,808,809,810,811,812,813,814,815,816,817,818,819,820,821,822,823,824,825,826,827,828,829,830,831,832,833,834,835,836,837,838,839,840,841,842,843,844,845,846,847,848,849,850,851,852,853,854,855,856,857,858,859,860,861,862,863,864,865,866,867,868,869,870,871,872,873,874,875,876,877,878,879,880,881,882,883,884,885,886,887,888,889,890,891,892,893,894,895,896,897,898,899,900,901,902,903,904,905,906,907,908,909,910,911,912,913,914,915,916,917,918,919,920,921,922,923,924,925,926,927,928,929,930,931,932,933,934,935,936,937,938,939,940,941,942,943,944,945,946,947,948,949,950,951,952,953,954,955,956,957,958,959,960,961,962,963,964,965,966,967,968,969,970,971,972,973,974,975,976,977,978,979,980,981,982,983,984,985,986,987,988,989,990,991,992,993,994,995,996,997,998,999,1000,1001,1002,1003,1004,1005,1006,1007,1008,1009,1010,1011,1012,1013,1014,1015,1016,1017,1018,1019,1020,1021,1022,1023,1024,1025,1026,1027,1028,1029,1030,1031,1032,1033,1034,1035,1036,1037,1038,1039,1040,1041,1042,1043,1044,1045,1046,1047,1048,1049,1050,1051,1052,1053,1054,1055,1056,1057,1058,1059,1060,1061,1062,1063,1064,1065,1066,1067,1068,1069,1070,1071,1072,1073,1074,1075,1076,1077,1078,1079,1080,1081,1082,1083,1084,1085,1086,1087,1088,1089,1090,1091,1092,1093,1094,1095,1096,1097,1098,1099,1100,1101,1102,1103,1104,1105,1106,1107,1108,1109,1110,1111,1112,1113,1114,1115,1116,1117,1118,1119,1120,1121,1122,1123,1124,1125,1126,1127,1128,1129,1130,1131,1132,1133,1134,1135,1136,1137,1138,1139,1140,1141,1142,1143,1144,1145,1146,1147,1148,1149,1150,1151,1152,1153,1154,1155,1156,1157,1158,1159,1160,1161,1162,1163,1164,1165,1166,1167,1168,1169,1170,1171,1172,1173,1174,1175,1176,1177,1178,1179,1180,1181,1182,1183,1184,1185,1186,1187,1188,1189,1190,1191,1192,1193,1194,1195,1196,1197,1198,1199,1200,1201,1202,1203,1204,1205,1206,1207,1208,1209,1210,1211,1212,1213,1214,1215,1216,1217,1218,1219,1220,1221,1222,1223,1224,1225,1226,1227,1228,1229,1230,1231,1232,1233,1234,1235,1236,1237,1238,1239,1240,1241,1242,1243,1244,1245,1246,1247,1248,1249,1250,1251,1252,1253,1254,1255,1256,1257,1258,1259,1260,1261,1262,1263,1264,1265,1266,1267,1268,1269,1270,1271,1272,1273,1274,1275,1276,1277,1278,1279,1280,1281,1282,1283,1284,1285,1286,1287,1288,1289,1290,1291,1292,1293,1294,1295,1296,1297,1298,1299,1300,1301,1302,1303,1304,1305,1306,1307,1308,1309,1310,1311,1312,1313,1314,1315,1316,1317,1318,1319,1320,1321,1322,1323,1324,1325,1326,1327,1328,1329,1330,1331,1332,1333,1334,1335,1336,1337,1338,1339,1340,1341,1342,1343,1344,1345,1346,1347,1348,1349,1350,1351,1352,1353,1354,1355,1356,1357,1358,1359,1360,1361,1362,1363,1364,1365,1366,1367,1368,1369,1370,1371,1372,1373,1374,1375,1376,1377,1378,1379,1380,1381,1382,1383,1384,1385,1386,1387,1388,1389,1390,1391,1392,1393,1394,1395,1396,1397,1398,1399,1400,1401,1402,1403,1404,1405,1406,1407,1408,1409,1410,1411,1412,1413,1414,1415,1416,1417,1418,1419,1420,1421,1422,1423,1424,1425,1426,1427,1428,1429,1430,1431,1432,1433,1434,1435,1436,1437,1438,1439,1440,1441,1442,1443,1444,1445,1446,1447,1448,1449,1450,1451,1452,1453,1454,1455,1456,1457,1458,1459,1460,1461,1462,1463,1464,1465,1466,1467,1468,1469,1470,1471,1472,1473,1474,1475,1476,1477,1478,1479,1480,1481,1482,1483,1484,1485,1486,1487,1488,1489,1490,1491,1492,1493,1494,1495,1496,1497,1498,1499,1500,1501,1502,1503,1504,1505,1506,1507,1508,1509,1510,1511,1512,1513,1514,1515,1516,1517,1518,1519,1520,1521,1522,1523,1524,1525,1526,1527,1528,1529,1530,1531,1532,1533,1534,1535,1536,1537,1538,1539,1540,1541,1542,1543,1544,1545,1546,1547,1548,1549,1550,1551,1552,1553,1554,1555,1556,1557,1558,1559,1560,1561,1562,1563,1564,1565,1566,1567,1568,1569,1570,1571,1572,1573,1574,1575,1576,1577,1578,1579,1580,1581,1582,1583,1584,1585,1586,1587,1588,1589,1590,1591,1592,1593,1594,1595,1596,1597,1598,1599,1600,1601,1602,1603,1604,1605,1606,1607,1608,1609,1610,1611,1612,1613,1614,1615,1616,1617,1618,1619,1620,1621,1622,1623,1624,1625,1626,1627,1628,1629,1630,1631,1632,1633,1634,1635,1636,1637,1638,1639,1640,1641,1642,1643,1644,1645,1646,1647,1648,1649,1650,1651,1652,1653,1654,1655,1656,1657,1658,1659,1660,1661,1662,1663,1664,1665,1666,1667,1668,1669,1670,1671,1672,1673,1674,1675,1676,1677,1678,1679,1680,1681,1682,1683,1684,1685,1686,1687,1688,1689,1690,1691,1692,1693,1694,1695,1696,1697,1698,1699,1700,1701,1702,1703,1704,1705,1706,1707,1708,1709,1710,1711,1712,1713,1714,1715,1716,1717,1718,1719,1720,1721,1722,1723,1724,1725,1726,1727,1728,1729,1730,1731,1732,1733,1734,1735,1736,1737,1738,1739,1740,1741,1742,1743,1744,1745,1746,1747,1748,1749,1750,1751,1752,1753,1754,1755,1756,1757,1758,1759,1760,1761,1762,1763,1764,1765,1766,1767,1768,1769,1770,1771,1772,1773,1774,1775,1776,1777,1778,1779,1780,1781,1782,1783,1784,1785,1786,1787,1788,1789,1790,1791,1792,1793,1794,1795,1796,1797,1798,1799,1800,1801,1802,1803,1804,1805,1806,1807,1808,1809,1810,1811,1812,1813,1814,1815,1816,1817,1818,1819,1820,1821,1822,1823,1824,1825,1826,1827,1828,1829,1830,1831,1832,1833,1834,1835,1836,1837,1838,1839,1840,1841,1842,1843,1844,1845,1846,1847,1848,1849,1850,1851,1852,1853,1854,1855,1856,1857,1858,1859,1860,1861,1862,1863,1864,1865,1866,1867,1868,1869,1870,1871,1872,1873,1874,1875,1876,1877,1878,1879,1880,1881,1882,1883,1884,1885,1886,1887,1888,1889,1890,1891,1892,1893,1894,1895,1896,1897,1898,1899,1900,1901,1902,1903,1904,1905,1906,1907,1908,1909,1910,1911,1912,1913,1914,1915,1916,1917,1918,1919,1920,1921,1922,1923,1924,1925,1926,1927,1928,1929,1930,1931,1932,1933,1934,1935,1936,1937,1938,1939,1940,1941,1942,1943,1944,1945,1946,1947,1948,1949,1950,1951,1952,1953,1954,1955,1956,1957,1958,1959,1960,1961,1962,1963,1964,1965,1966,1967,1968,1969,1970,1971,1972,1973,1974,1975,1976,1977,1978,1979,1980,1981,1982,1983,1984,1985,1986,1987,1988,1989,1990,1991,1992,1993,1994,1995,1996,1997,1998,1999,2000,2001,2002,2003,2004,2005,2006,2007,2008,2009,2010,2011,2012,2013,2014,2015,2016,2017,2018,2019,2020,2021,2022,2023,2024,2025,2026,2027,2028,2029,2030,2031,2032,2033,2034,2035,2036,2037,2038,2039,2040,2041,2042,2043,2044,2045,2046,2047,2048,2049,2050,2051,2052,2053,2054,2055,2056,2057,2058,2059,2060,2061,2062,2063,2064,2065,2066,2067,2068,2069,2070,2071,2072,2073,2074,2075,2076,2077,2078,2079,2080,2081,2082,2083,2084,2085,2086,2087,2088,2089,2090,2091,2092,2093,2094,2095,2096,2097,2098,2099,2100,2101,2102,2103,2104,2105,2106,2107,2108,2109,2110,2111,2112,2113,2114,2115,2116,2117,2118,2119,2120,2121,2122,2123,2124,2125,2126,2127,2128,2129,2130,2131,2132,2133,2134,2135,2136,2137,2138,2139,2140,2141,2142,2143,2144,2145,2146,2147,2148,2149,2150,2151,2152,2153,2154,2155,2156,2157,2158,2159,2160,2161,2162,2163,2164,2165,2166,2167,2168,2169,2170,2171,2172,2173,2174,2175,2176,2177,2178,2179,2180,2181,2182,2183,2184,2185,2186,2187,2188,2189,2190,2191,2192,2193,2194,2195,2196,2197,2198,2199,2200,2201,2202,2203,2204,2205,2206,2207,2208,2209,2210,2211,2212,2213,2214,2215,2216,2217,2218,2219,2220,2221,2222,2223,2224,2225,2226,2227,2228,2229,2230,2231,2232,2233,2234,2235,2236,2237,2238,2239,2240,2241,2242,2243,2244,2245,2246,2247,2248,2249,2250,2251,2252,2253,2254,2255,2256,2257,2258,2259,2260,2261,2262,2263,2264,2265,2266,2267,2268,2269,2270,2271,2272,2273,2274,2275,2276,2277,2278,2279,2280,2281,2282,2283,2284,2285,2286,2287,2288,2289,2290,2291,2292,2293,2294,2295,2296,2297,2298,2299,2300,2301,2302,2303,2304,2305,2306,2307,2308,2309,2310,2311,2312,2313,2314,2315,2316,2317,2318,2319,2320,2321,2322,2323,2324,2325,2326,2327,2328,2329,2330,2331,2332,2333,2334,2335,2336,2337,2338,2339,2340,2341,2342,2343,2344,2345,2346,2347,2348,2349,2350,2351,2352,2353,2354,2355,2356,2357,2358,2359,2360,2361,2362,2363,2364,2365,2366,2367,2368,2369,2370,2371,2372,2373,2374,2375,2376,2377,2378,2379,2380,2381,2382,2383,2384,2385,2386,2387,2388,2389,2390,2391,2392,2393,2394,2395,2396,2397,2398,2399,2400,2401,2402,2403,2404,2405,2406,2407,2408,2409,2410,2411,2412,2413,2414,2415,2416,2417,2418,2419,2420,2421,2422,2423,2424,2425,2426,2427,2428,2429,2430,2431,2432,2433,2434,2435,2436,2437,2438,2439,2440,2441,2442,2443,2444,2445,2446,2447,2448,2449,2450,2451,2452,2453,2454,2455,2456,2457,2458,2459,2460,2461,2462,2463,2464,2465,2466,2467,2468,2469,2470,2471,2472,2473,2474,2475,2476,2477,2478,2479,2480,2481,2482,2483,2484,2485,2486,2487,2488,2489,2490,2491,2492,2493,2494,2495,2496,2497,2498,2499,2500,2501,2502,2503,2504,2505,2506,2507,2508,2509,2510,2511,2512,2513,2514,2515,2516,2517,2518,2519,2520,2521,2522,2523,2524,2525,2526,2527,2528,2529,2530,2531,2532,2533,2534,2535,2536,2537,2538,2539,2540,2541,2542,2543,2544,2545,2546,2547,2548,2549,2550,2551,2552,2553,2554,2555,2556,2557,2558,2559,2560,2561,2562,2563,2564,2565,2566,2567,2568,2569,2570,2571,2572,2573,2574,2575,2576,2577,2578,2579,2580,2581,2582,2583,2584,2585,2586,2587,2588,2589,2590,2591,2592,2593,2594,2595,2596,2597,2598,2599,2600,2601,2602,2603,2604,2605,2606,2607,2608,2609,2610,2611,2612,2613,2614,2615,2616,2617,2618,2619,2620,2621,2622,2623,2624,2625,2626,2627,2628,2629,2630,2631,2632,2633,2634,2635,2636,2637,2638,2639,2640,2641,2642,2643,2644,2645,2646,2647,2648,2649,2650,2651,2652,2653,2654,2655,2656,2657,2658,2659,2660,2661,2662,2663,2664,2665,2666,2667,2668,2669,2670,2671,2672,2673,2674,2675,2676,2677,2678,2679,2680,2681,2682,2683,2684,2685,2686,2687,2688,2689,2690,2691,2692,2693,2694,2695,2696,2697,2698,2699,2700,2701,2702,2703,2704,2705,2706,2707,2708,2709,2710,2711,2712,2713,2714,2715,2716,2717,2718,2719,2720,2721,2722,2723,2724,2725,2726,2727,2728,2729,2730,2731,2732,2733,2734,2735,2736,2737,2738,2739,2740,2741,2742,2743,2744,2745,2746,2747,2748,2749,2750,2751,2752,2753,2754,2755,2756,2757,2758,2759,2760,2761,2762,2763,2764,2765,2766,2767,2768,2769,2770,2771,2772,2773,2774,2775,2776,2777,2778,2779,2780,2781,2782,2783,2784,2785,2786,2787,2788,2789,2790,2791,2792,2793,2794,2795,2796,2797,2798,2799,2800,2801,2802,2803,2804,2805,2806,2807,2808,2809,2810,2811,2812,2813,2814,2815,2816,2817,2818,2819,2820,2821,2822,2823,2824,2825,2826,2827,2828,2829,2830,2831,2832,2833,2834,2835,2836,2837,2838,2839,2840,2841,2842,2843,2844,2845,2846,2847,2848,2849,2850,2851,2852,2853,2854,2855,2856,2857,2858,2859,2860,2861,2862,2863,2864,2865,2866,2867,2868,2869,2870,2871,2872,2873,2874,2875,2876,2877,2878,2879,2880,2881,2882,2883,2884,2885,2886,2887,2888,2889,2890,2891,2892,2893,2894,2895,2896,2897,2898,2899,2900,2901,2902,2903,2904,2905,2906,2907,2908,2909,2910,2911,2912,2913,2914,2915,2916,2917,2918,2919,2920,2921,2922,2923,2924,2925,2926,2927,2928,2929,2930,2931,2932,2933,2934,2935,2936,2937,2938,2939,2940,2941,2942,2943,2944,2945,2946,2947,2948,2949,2950,2951,2952,2953,2954,2955,2956,2957,2958,2959,2960,2961,2962,2963,2964,2965,2966,2967,2968,2969,2970,2971,2972,2973,2974,2975,2976,2977,2978,2979,2980,2981,2982,2983,2984,2985,2986,2987,2988,2989,2990,2991,2992,2993,2994,2995,2996,2997,2998,2999,3000
n_training_episodes_elapsed,50,100,150,200,250,300,350,400,450,500,550,600,650,700,750,800,850,900,950,1000,1050,1100,1150,1200,1250,1300,1350,1400,1450,1500,1550,1600,1650,1700,1750,1800,1850,1900,1950,2000,2050,2100,2150,2200,2250,2300,2350,2400,2450,2500,2550,2600,2650,2700,2750,2800,2850,2900,2950,3000,3050,3100,3150,3200,3250,3300,3350,3400,3450,3500,3550,3600,3650,3700,3750,3800,3850,3900,3950,4000,4050,4100,4150,4200,4250,4300,4350,4400,4450,4500,4550,4600,4650,4700,4750,4800,4850,4900,4950,5000,5050,5100,5150,5200,5250,5300,5350,5400,5450,5500,5550,5600,5650,5700,5750,5800,5850,5900,5950,6000,6050,6100,6150,6200,6250,6300,6350,6400,6450,6500,6550,6600,6650,6700,6750,6800,6850,6900,6950,7000,7050,7100,7150,7200,7250,7300,7350,7400,7450,7500,7550,7600,7650,7700,7750,7800,7850,7900,7950,8000,8050,8100,8150,8200,8250,8300,8350,8400,8450,8500,8550,8600,8650,8700,8750,8800,8850,8900,8950,9000,9050,9100,9150,9200,9250,9300,9350,9400,9450,9500,9550,9600,9650,9700,9750,9800,9850,9900,9950,10000,10050,10100,10150,10200,10250,10300,10350,10400,10450,10500,10550,10600,10650,10700,10750,10800,10850,10900,10950,11000,11050,11100,11150,11200,11250,11300,11350,11400,11450,11500,11550,11600,11650,11700,11750,11800,11850,11900,11950,12000,12050,12100,12150,12200,12250,12300,12350,12400,12450,12500,12550,12600,12650,12700,12750,12800,12850,12900,12950,13000,13050,13100,13150,13200,13250,13300,13350,13400,13450,13500,13550,13600,13650,13700,13750,13800,13850,13900,13950,14000,14050,14100,14150,14200,14250,14300,14350,14400,14450,14500,14550,14600,14650,14700,14750,14800,14850,14900,14950,15000,15050,15100,15150,15200,15250,15300,15350,15400,15450,15500,15550,15600,15650,15700,15750,15800,15850,15900,15950,16000,16050,16100,16150,16200,16250,16300,16350,16400,16450,16500,16550,16600,16650,16700,16750,16800,16850,16900,16950,17000,17050,17100,17150,17200,17250,17300,17350,17400,17450,17500,17550,17600,17650,17700,17750,17800,17850,17900,17950,18000,18050,18100,18150,18200,18250,18300,18350,18400,18450,18500,18550,18600,18650,18700,18750,18800,18850,18900,18950,19000,19050,19100,19150,19200,19250,19300,19350,19400,19450,19500,19550,19600,19650,19700,19750,19800,19850,19900,19950,20000,20050,20100,20150,20200,20250,20300,20350,20400,20450,20500,20550,20600,20650,20700,20750,20800,20850,20900,20950,21000,21050,21100,21150,21200,21250,21300,21350,21400,21450,21500,21550,21600,21650,21700,21750,21800,21850,21900,21950,22000,22050,22100,22150,22200,22250,22300,22350,22400,22450,22500,22550,22600,22650,22700,22750,22800,22850,22900,22950,23000,23050,23100,23150,23200,23250,23300,23350,23400,23450,23500,23550,23600,23650,23700,23750,23800,23850,23900,23950,24000,24050,24100,24150,24200,24250,24300,24350,24400,24450,24500,24550,24600,24650,24700,24750,24800,24850,24900,24950,25000,25050,25100,25150,25200,25250,25300,25350,25400,25450,25500,25550,25600,25650,25700,25750,25800,25850,25900,25950,26000,26050,26100,26150,26200,26250,26300,26350,26400,26450,26500,26550,26600,26650,26700,26750,26800,26850,26900,26950,27000,27050,27100,27150,27200,27250,27300,27350,27400,27450,27500,27550,27600,27650,27700,27750,27800,27850,27900,27950,28000,28050,28100,28150,28200,28250,28300,28350,28400,28450,28500,28550,28600,28650,28700,28750,28800,28850,28900,28950,29000,29050,29100,29150,29200,29250,29300,29350,29400,29450,29500,29550,29600,29650,29700,29750,29800,29850,29900,29950,30000,30050,30100,30150,30200,30250,30300,30350,30400,30450,30500,30550,30600,30650,30700,30750,30800,30850,30900,30950,31000,31050,31100,31150,31200,31250,31300,31350,31400,31450,31500,31550,31600,31650,31700,31750,31800,31850,31900,31950,32000,32050,32100,32150,32200,32250,32300,32350,32400,32450,32500,32550,32600,32650,32700,32750,32800,32850,32900,32950,33000,33050,33100,33150,33200,33250,33300,33350,33400,33450,33500,33550,33600,33650,33700,33750,33800,33850,33900,33950,34000,34050,34100,34150,34200,34250,34300,34350,34400,34450,34500,34550,34600,34650,34700,34750,34800,34850,34900,34950,35000,35050,35100,35150,35200,35250,35300,35350,35400,35450,35500,35550,35600,35650,35700,35750,35800,35850,35900,35950,36000,36050,36100,36150,36200,36250,36300,36350,36400,36450,36500,36550,36600,36650,36700,36750,36800,36850,36900,36950,37000,37050,37100,37150,37200,37250,37300,37350,37400,37450,37500,37550,37600,37650,37700,37750,37800,37850,37900,37950,38000,38050,38100,38150,38200,38250,38300,38350,38400,38450,38500,38550,38600,38650,38700,38750,38800,38850,38900,38950,39000,39050,39100,39150,39200,39250,39300,39350,39400,39450,39500,39550,39600,39650,39700,39750,39800,39850,39900,39950,40000,40050,40100,40150,40200,40250,40300,40350,40400,40450,40500,40550,40600,40650,40700,40750,40800,40850,40900,40950,41000,41050,41100,41150,41200,41250,41300,41350,41400,41450,41500,41550,41600,41650,41700,41750,41800,41850,41900,41950,42000,42050,42100,42150,42200,42250,42300,42350,42400,42450,42500,42550,42600,42650,42700,42750,42800,42850,42900,42950,43000,43050,43100,43150,43200,43250,43300,43350,43400,43450,43500,43550,43600,43650,43700,43750,43800,43850,43900,43950,44000,44050,44100,44150,44200,44250,44300,44350,44400,44450,44500,44550,44600,44650,44700,44750,44800,44850,44900,44950,45000,45050,45100,45150,45200,45250,45300,45350,45400,45450,45500,45550,45600,45650,45700,45750,45800,45850,45900,45950,46000,46050,46100,46150,46200,46250,46300,46350,46400,46450,46500,46550,46600,46650,46700,46750,46800,46850,46900,46950,47000,47050,47100,47150,47200,47250,47300,47350,47400,47450,47500,47550,47600,47650,47700,47750,47800,47850,47900,47950,48000,48050,48100,48150,48200,48250,48300,48350,48400,48450,48500,48550,48600,48650,48700,48750,48800,48850,48900,48950,49000,49050,49100,49150,49200,49250,49300,49350,49400,49450,49500,49550,49600,49650,49700,49750,49800,49850,49900,49950,50000,50050,50100,50150,50200,50250,50300,50350,50400,50450,50500,50550,50600,50650,50700,50750,50800,50850,50900,50950,51000,51050,51100,51150,51200,51250,51300,51350,51400,51450,51500,51550,51600,51650,51700,51750,51800,51850,51900,51950,52000,52050,52100,52150,52200,52250,52300,52350,52400,52450,52500,52550,52600,52650,52700,52750,52800,52850,52900,52950,53000,53050,53100,53150,53200,53250,53300,53350,53400,53450,53500,53550,53600,53650,53700,53750,53800,53850,53900,53950,54000,54050,54100,54150,54200,54250,54300,54350,54400,54450,54500,54550,54600,54650,54700,54750,54800,54850,54900,54950,55000,55050,55100,55150,55200,55250,55300,55350,55400,55450,55500,55550,55600,55650,55700,55750,55800,55850,55900,55950,56000,56050,56100,56150,56200,56250,56300,56350,56400,56450,56500,56550,56600,56650,56700,56750,56800,56850,56900,56950,57000,57050,57100,57150,57200,57250,57300,57350,57400,57450,57500,57550,57600,57650,57700,57750,57800,57850,57900,57950,58000,58050,58100,58150,58200,58250,58300,58350,58400,58450,58500,58550,58600,58650,58700,58750,58800,58850,58900,58950,59000,59050,59100,59150,59200,59250,59300,59350,59400,59450,59500,59550,59600,59650,59700,59750,59800,59850,59900,59950,60000,60050,60100,60150,60200,60250,60300,60350,60400,60450,60500,60550,60600,60650,60700,60750,60800,60850,60900,60950,61000,61050,61100,61150,61200,61250,61300,61350,61400,61450,61500,61550,61600,61650,61700,61750,61800,61850,61900,61950,62000,62050,62100,62150,62200,62250,62300,62350,62400,62450,62500,62550,62600,62650,62700,62750,62800,62850,62900,62950,63000,63050,63100,63150,63200,63250,63300,63350,63400,63450,63500,63550,63600,63650,63700,63750,63800,63850,63900,63950,64000,64050,64100,64150,64200,64250,64300,64350,64400,64450,64500,64550,64600,64650,64700,64750,64800,64850,64900,64950,65000,65050,65100,65150,65200,65250,65300,65350,65400,65450,65500,65550,65600,65650,65700,65750,65800,65850,65900,65950,66000,66050,66100,66150,66200,66250,66300,66350,66400,66450,66500,66550,66600,66650,66700,66750,66800,66850,66900,66950,67000,67050,67100,67150,67200,67250,67300,67350,67400,67450,67500,67550,67600,67650,67700,67750,67800,67850,67900,67950,68000,68050,68100,68150,68200,68250,68300,68350,68400,68450,68500,68550,68600,68650,68700,68750,68800,68850,68900,68950,69000,69050,69100,69150,69200,69250,69300,69350,69400,69450,69500,69550,69600,69650,69700,69750,69800,69850,69900,69950,70000,70050,70100,70150,70200,70250,70300,70350,70400,70450,70500,70550,70600,70650,70700,70750,70800,70850,70900,70950,71000,71050,71100,71150,71200,71250,71300,71350,71400,71450,71500,71550,71600,71650,71700,71750,71800,71850,71900,71950,72000,72050,72100,72150,72200,72250,72300,72350,72400,72450,72500,72550,72600,72650,72700,72750,72800,72850,72900,72950,73000,73050,73100,73150,73200,73250,73300,73350,73400,73450,73500,73550,73600,73650,73700,73750,73800,73850,73900,73950,74000,74050,74100,74150,74200,74250,74300,74350,74400,74450,74500,74550,74600,74650,74700,74750,74800,74850,74900,74950,75000,75050,75100,75150,75200,75250,75300,75350,75400,75450,75500,75550,75600,75650,75700,75750,75800,75850,75900,75950,76000,76050,76100,76150,76200,76250,76300,76350,76400,76450,76500,76550,76600,76650,76700,76750,76800,76850,76900,76950,77000,77050,77100,77150,77200,77250,77300,77350,77400,77450,77500,77550,77600,77650,77700,77750,77800,77850,77900,77950,78000,78050,78100,78150,78200,78250,78300,78350,78400,78450,78500,78550,78600,78650,78700,78750,78800,78850,78900,78950,79000,79050,79100,79150,79200,79250,79300,79350,79400,79450,79500,79550,79600,79650,79700,79750,79800,79850,79900,79950,80000,80050,80100,80150,80200,80250,80300,80350,80400,80450,80500,80550,80600,80650,80700,80750,80800,80850,80900,80950,81000,81050,81100,81150,81200,81250,81300,81350,81400,81450,81500,81550,81600,81650,81700,81750,81800,81850,81900,81950,82000,82050,82100,82150,82200,82250,82300,82350,82400,82450,82500,82550,82600,82650,82700,82750,82800,82850,82900,82950,83000,83050,83100,83150,83200,83250,83300,83350,83400,83450,83500,83550,83600,83650,83700,83750,83800,83850,83900,83950,84000,84050,84100,84150,84200,84250,84300,84350,84400,84450,84500,84550,84600,84650,84700,84750,84800,84850,84900,84950,85000,85050,85100,85150,85200,85250,85300,85350,85400,85450,85500,85550,85600,85650,85700,85750,85800,85850,85900,85950,86000,86050,86100,86150,86200,86250,86300,86350,86400,86450,86500,86550,86600,86650,86700,86750,86800,86850,86900,86950,87000,87050,87100,87150,87200,87250,87300,87350,87400,87450,87500,87550,87600,87650,87700,87750,87800,87850,87900,87950,88000,88050,88100,88150,88200,88250,88300,88350,88400,88450,88500,88550,88600,88650,88700,88750,88800,88850,88900,88950,89000,89050,89100,89150,89200,89250,89300,89350,89400,89450,89500,89550,89600,89650,89700,89750,89800,89850,89900,89950,90000,90050,90100,90150,90200,90250,90300,90350,90400,90450,90500,90550,90600,90650,90700,90750,90800,90850,90900,90950,91000,91050,91100,91150,91200,91250,91300,91350,91400,91450,91500,91550,91600,91650,91700,91750,91800,91850,91900,91950,92000,92050,92100,92150,92200,92250,92300,92350,92400,92450,92500,92550,92600,92650,92700,92750,92800,92850,92900,92950,93000,93050,93100,93150,93200,93250,93300,93350,93400,93450,93500,93550,93600,93650,93700,93750,93800,93850,93900,93950,94000,94050,94100,94150,94200,94250,94300,94350,94400,94450,94500,94550,94600,94650,94700,94750,94800,94850,94900,94950,95000,95050,95100,95150,95200,95250,95300,95350,95400,95450,95500,95550,95600,95650,95700,95750,95800,95850,95900,95950,96000,96050,96100,96150,96200,96250,96300,96350,96400,96450,96500,96550,96600,96650,96700,96750,96800,96850,96900,96950,97000,97050,97100,97150,97200,97250,97300,97350,97400,97450,97500,97550,97600,97650,97700,97750,97800,97850,97900,97950,98000,98050,98100,98150,98200,98250,98300,98350,98400,98450,98500,98550,98600,98650,98700,98750,98800,98850,98900,98950,99000,99050,99100,99150,99200,99250,99300,99350,99400,99450,99500,99550,99600,99650,99700,99750,99800,99850,99900,99950,100000,100050,100100,100150,100200,100250,100300,100350,100400,100450,100500,100550,100600,100650,100700,100750,100800,100850,100900,100950,101000,101050,101100,101150,101200,101250,101300,101350,101400,101450,101500,101550,101600,101650,101700,101750,101800,101850,101900,101950,102000,102050,102100,102150,102200,102250,102300,102350,102400,102450,102500,102550,102600,102650,102700,102750,102800,102850,102900,102950,103000,103050,103100,103150,103200,103250,103300,103350,103400,103450,103500,103550,103600,103650,103700,103750,103800,103850,103900,103950,104000,104050,104100,104150,104200,104250,104300,104350,104400,104450,104500,104550,104600,104650,104700,104750,104800,104850,104900,104950,105000,105050,105100,105150,105200,105250,105300,105350,105400,105450,105500,105550,105600,105650,105700,105750,105800,105850,105900,105950,106000,106050,106100,106150,106200,106250,106300,106350,106400,106450,106500,106550,106600,106650,106700,106750,106800,106850,106900,106950,107000,107050,107100,107150,107200,107250,107300,107350,107400,107450,107500,107550,107600,107650,107700,107750,107800,107850,107900,107950,108000,108050,108100,108150,108200,108250,108300,108350,108400,108450,108500,108550,108600,108650,108700,108750,108800,108850,108900,108950,109000,109050,109100,109150,109200,109250,109300,109350,109400,109450,109500,109550,109600,109650,109700,109750,109800,109850,109900,109950,110000,110050,110100,110150,110200,110250,110300,110350,110400,110450,110500,110550,110600,110650,110700,110750,110800,110850,110900,110950,111000,111050,111100,111150,111200,111250,111300,111350,111400,111450,111500,111550,111600,111650,111700,111750,111800,111850,111900,111950,112000,112050,112100,112150,112200,112250,112300,112350,112400,112450,112500,112550,112600,112650,112700,112750,112800,112850,112900,112950,113000,113050,113100,113150,113200,113250,113300,113350,113400,113450,113500,113550,113600,113650,113700,113750,113800,113850,113900,113950,114000,114050,114100,114150,114200,114250,114300,114350,114400,114450,114500,114550,114600,114650,114700,114750,114800,114850,114900,114950,115000,115050,115100,115150,115200,115250,115300,115350,115400,115450,115500,115550,115600,115650,115700,115750,115800,115850,115900,115950,116000,116050,116100,116150,116200,116250,116300,116350,116400,116450,116500,116550,116600,116650,116700,116750,116800,116850,116900,116950,117000,117050,117100,117150,117200,117250,117300,117350,117400,117450,117500,117550,117600,117650,117700,117750,117800,117850,117900,117950,118000,118050,118100,118150,118200,118250,118300,118350,118400,118450,118500,118550,118600,118650,118700,118750,118800,118850,118900,118950,119000,119050,119100,119150,119200,119250,119300,119350,119400,119450,119500,119550,119600,119650,119700,119750,119800,119850,119900,119950,120000,120050,120100,120150,120200,120250,120300,120350,120400,120450,120500,120550,120600,120650,120700,120750,120800,120850,120900,120950,121000,121050,121100,121150,121200,121250,121300,121350,121400,121450,121500,121550,121600,121650,121700,121750,121800,121850,121900,121950,122000,122050,122100,122150,122200,122250,122300,122350,122400,122450,122500,122550,122600,122650,122700,122750,122800,122850,122900,122950,123000,123050,123100,123150,123200,123250,123300,123350,123400,123450,123500,123550,123600,123650,123700,123750,123800,123850,123900,123950,124000,124050,124100,124150,124200,124250,124300,124350,124400,124450,124500,124550,124600,124650,124700,124750,124800,124850,124900,124950,125000,125050,125100,125150,125200,125250,125300,125350,125400,125450,125500,125550,125600,125650,125700,125750,125800,125850,125900,125950,126000,126050,126100,126150,126200,126250,126300,126350,126400,126450,126500,126550,126600,126650,126700,126750,126800,126850,126900,126950,127000,127050,127100,127150,127200,127250,127300,127350,127400,127450,127500,127550,127600,127650,127700,127750,127800,127850,127900,127950,128000,128050,128100,128150,128200,128250,128300,128350,128400,128450,128500,128550,128600,128650,128700,128750,128800,128850,128900,128950,129000,129050,129100,129150,129200,129250,129300,129350,129400,129450,129500,129550,129600,129650,129700,129750,129800,129850,129900,129950,130000,130050,130100,130150,130200,130250,130300,130350,130400,130450,130500,130550,130600,130650,130700,130750,130800,130850,130900,130950,131000,131050,131100,131150,131200,131250,131300,131350,131400,131450,131500,131550,131600,131650,131700,131750,131800,131850,131900,131950,132000,132050,132100,132150,132200,132250,132300,132350,132400,132450,132500,132550,132600,132650,132700,132750,132800,132850,132900,132950,133000,133050,133100,133150,133200,133250,133300,133350,133400,133450,133500,133550,133600,133650,133700,133750,133800,133850,133900,133950,134000,134050,134100,134150,134200,134250,134300,134350,134400,134450,134500,134550,134600,134650,134700,134750,134800,134850,134900,134950,135000,135050,135100,135150,135200,135250,135300,135350,135400,135450,135500,135550,135600,135650,135700,135750,135800,135850,135900,135950,136000,136050,136100,136150,136200,136250,136300,136350,136400,136450,136500,136550,136600,136650,136700,136750,136800,136850,136900,136950,137000,137050,137100,137150,137200,137250,137300,137350,137400,137450,137500,137550,137600,137650,137700,137750,137800,137850,137900,137950,138000,138050,138100,138150,138200,138250,138300,138350,138400,138450,138500,138550,138600,138650,138700,138750,138800,138850,138900,138950,139000,139050,139100,139150,139200,139250,139300,139350,139400,139450,139500,139550,139600,139650,139700,139750,139800,139850,139900,139950,140000,140050,140100,140150,140200,140250,140300,140350,140400,140450,140500,140550,140600,140650,140700,140750,140800,140850,140900,140950,141000,141050,141100,141150,141200,141250,141300,141350,141400,141450,141500,141550,141600,141650,141700,141750,141800,141850,141900,141950,142000,142050,142100,142150,142200,142250,142300,142350,142400,142450,142500,142550,142600,142650,142700,142750,142800,142850,142900,142950,143000,143050,143100,143150,143200,143250,143300,143350,143400,143450,143500,143550,143600,143650,143700,143750,143800,143850,143900,143950,144000,144050,144100,144150,144200,144250,144300,144350,144400,144450,144500,144550,144600,144650,144700,144750,144800,144850,144900,144950,145000,145050,145100,145150,145200,145250,145300,145350,145400,145450,145500,145550,145600,145650,145700,145750,145800,145850,145900,145950,146000,146050,146100,146150,146200,146250,146300,146350,146400,146450,146500,146550,146600,146650,146700,146750,146800,146850,146900,146950,147000,147050,147100,147150,147200,147250,147300,147350,147400,147450,147500,147550,147600,147650,147700,147750,147800,147850,147900,147950,148000,148050,148100,148150,148200,148250,148300,148350,148400,148450,148500,148550,148600,148650,148700,148750,148800,148850,148900,148950,149000,149050,149100,149150,149200,149250,149300,149350,149400,149450,149500,149550,149600,149650,149700,149750,149800,149850,149900,149950,150000
n_training_steps_elapsed,5000,10000,15000,20000,25000,30000,35000,40000,45000,50000,55000,60000,65000,70000,75000,80000,85000,90000,95000,100000,105000,110000,115000,120000,125000,130000,135000,140000,145000,150000,155000,160000,165000,170000,175000,180000,185000,190000,195000,200000,205000,210000,215000,220000,225000,230000,235000,240000,245000,250000,255000,260000,265000,270000,275000,280000,285000,290000,295000,300000,305000,310000,315000,320000,325000,330000,335000,340000,345000,350000,355000,360000,365000,370000,375000,380000,385000,390000,395000,400000,405000,410000,415000,420000,425000,430000,435000,440000,445000,450000,455000,460000,465000,470000,475000,480000,485000,490000,495000,500000,505000,510000,515000,520000,525000,530000,535000,540000,545000,550000,555000,560000,565000,570000,575000,580000,585000,590000,595000,600000,605000,610000,615000,620000,625000,630000,635000,640000,645000,650000,655000,660000,665000,670000,675000,680000,685000,690000,695000,700000,705000,710000,715000,720000,725000,730000,735000,740000,745000,750000,755000,760000,765000,770000,775000,780000,785000,790000,795000,800000,805000,810000,815000,820000,825000,830000,835000,840000,845000,850000,855000,860000,865000,870000,875000,880000,885000,890000,895000,900000,905000,910000,915000,920000,925000,930000,935000,940000,945000,950000,955000,960000,965000,970000,975000,980000,985000,990000,995000,1000000,1005000,1010000,1015000,1020000,1025000,1030000,1035000,1040000,1045000,1050000,1055000,1060000,1065000,1070000,1075000,1080000,1085000,1090000,1095000,1100000,1105000,1110000,1115000,1120000,1125000,1130000,1135000,1140000,1145000,1150000,1155000,1160000,1165000,1170000,1175000,1180000,1185000,1190000,1195000,1200000,1205000,1210000,1215000,1220000,1225000,1230000,1235000,1240000,1245000,1250000,1255000,1260000,1265000,1270000,1275000,1280000,1285000,1290000,1295000,1300000,1305000,1310000,1315000,1320000,1325000,1330000,1335000,1340000,1345000,1350000,1355000,1360000,1365000,1370000,1375000,1380000,1385000,1390000,1395000,1400000,1405000,1410000,1415000,1420000,1425000,1430000,1435000,1440000,1445000,1450000,1455000,1460000,1465000,1470000,1475000,1480000,1485000,1490000,1495000,1500000,1505000,1510000,1515000,1520000,1525000,1530000,1535000,1540000,1545000,1550000,1555000,1560000,1565000,1570000,1575000,1580000,1585000,1590000,1595000,1600000,1605000,1610000,1615000,1620000,1625000,1630000,1635000,1640000,1645000,1650000,1655000,1660000,1665000,1670000,1675000,1680000,1685000,1690000,1695000,1700000,1705000,1710000,1715000,1720000,1725000,1730000,1735000,1740000,1745000,1750000,1755000,1760000,1765000,1770000,1775000,1780000,1785000,1790000,1795000,1800000,1805000,1810000,1815000,1820000,1825000,1830000,1835000,1840000,1845000,1850000,1855000,1860000,1865000,1870000,1875000,1880000,1885000,1890000,1895000,1900000,1905000,1910000,1915000,1920000,1925000,1930000,1935000,1940000,1945000,1950000,1955000,1960000,1965000,1970000,1975000,1980000,1985000,1990000,1995000,2000000,2005000,2010000,2015000,2020000,2025000,2030000,2035000,2040000,2045000,2050000,2055000,2060000,2065000,2070000,2075000,2080000,2085000,2090000,2095000,2100000,2105000,2110000,2115000,2120000,2125000,2130000,2135000,2140000,2145000,2150000,2155000,2160000,2165000,2170000,2175000,2180000,2185000,2190000,2195000,2200000,2205000,2210000,2215000,2220000,2225000,2230000,2235000,2240000,2245000,2250000,2255000,2260000,2265000,2270000,2275000,2280000,2285000,2290000,2295000,2300000,2305000,2310000,2315000,2320000,2325000,2330000,2335000,2340000,2345000,2350000,2355000,2360000,2365000,2370000,2375000,2380000,2385000,2390000,2395000,2400000,2405000,2410000,2415000,2420000,2425000,2430000,2435000,2440000,2445000,2450000,2455000,2460000,2465000,2470000,2475000,2480000,2485000,2490000,2495000,2500000,2505000,2510000,2515000,2520000,2525000,2530000,2535000,2540000,2545000,2550000,2555000,2560000,2565000,2570000,2575000,2580000,2585000,2590000,2595000,2600000,2605000,2610000,2615000,2620000,2625000,2630000,2635000,2640000,2645000,2650000,2655000,2660000,2665000,2670000,2675000,2680000,2685000,2690000,2695000,2700000,2705000,2710000,2715000,2720000,2725000,2730000,2735000,2740000,2745000,2750000,2755000,2760000,2765000,2770000,2775000,2780000,2785000,2790000,2795000,2800000,2805000,2810000,2815000,2820000,2825000,2830000,2835000,2840000,2845000,2850000,2855000,2860000,2865000,2870000,2875000,2880000,2885000,2890000,2895000,2900000,2905000,2910000,2915000,2920000,2925000,2930000,2935000,2940000,2945000,2950000,2955000,2960000,2965000,2970000,2975000,2980000,2985000,2990000,2995000,3000000,3005000,3010000,3015000,3020000,3025000,3030000,3035000,3040000,3045000,3050000,3055000,3060000,3065000,3070000,3075000,3080000,3085000,3090000,3095000,3100000,3105000,3110000,3115000,3120000,3125000,3130000,3135000,3140000,3145000,3150000,3155000,3160000,3165000,3170000,3175000,3180000,3185000,3190000,3195000,3200000,3205000,3210000,3215000,3220000,3225000,3230000,3235000,3240000,3245000,3250000,3255000,3260000,3265000,3270000,3275000,3280000,3285000,3290000,3295000,3300000,3305000,3310000,3315000,3320000,3325000,3330000,3335000,3340000,3345000,3350000,3355000,3360000,3365000,3370000,3375000,3380000,3385000,3390000,3395000,3400000,3405000,3410000,3415000,3420000,3425000,3430000,3435000,3440000,3445000,3450000,3455000,3460000,3465000,3470000,3475000,3480000,3485000,3490000,3495000,3500000,3505000,3510000,3515000,3520000,3525000,3530000,3535000,3540000,3545000,3550000,3555000,3560000,3565000,3570000,3575000,3580000,3585000,3590000,3595000,3600000,3605000,3610000,3615000,3620000,3625000,3630000,3635000,3640000,3645000,3650000,3655000,3660000,3665000,3670000,3675000,3680000,3685000,3690000,3695000,3700000,3705000,3710000,3715000,3720000,3725000,3730000,3735000,3740000,3745000,3750000,3755000,3760000,3765000,3770000,3775000,3780000,3785000,3790000,3795000,3800000,3805000,3810000,3815000,3820000,3825000,3830000,3835000,3840000,3845000,3850000,3855000,3860000,3865000,3870000,3875000,3880000,3885000,3890000,3895000,3900000,3905000,3910000,3915000,3920000,3925000,3930000,3935000,3940000,3945000,3950000,3955000,3960000,3965000,3970000,3975000,3980000,3985000,3990000,3995000,4000000,4005000,4010000,4015000,4020000,4025000,4030000,4035000,4040000,4045000,4050000,4055000,4060000,4065000,4070000,4075000,4080000,4085000,4090000,4095000,4100000,4105000,4110000,4115000,4120000,4125000,4130000,4135000,4140000,4145000,4150000,4155000,4160000,4165000,4170000,4175000,4180000,4185000,4190000,4195000,4200000,4205000,4210000,4215000,4220000,4225000,4230000,4235000,4240000,4245000,4250000,4255000,4260000,4265000,4270000,4275000,4280000,4285000,4290000,4295000,4300000,4305000,4310000,4315000,4320000,4325000,4330000,4335000,4340000,4345000,4350000,4355000,4360000,4365000,4370000,4375000,4380000,4385000,4390000,4395000,4400000,4405000,4410000,4415000,4420000,4425000,4430000,4435000,4440000,4445000,4450000,4455000,4460000,4465000,4470000,4475000,4480000,4485000,4490000,4495000,4500000,4505000,4510000,4515000,4520000,4525000,4530000,4535000,4540000,4545000,4550000,4555000,4560000,4565000,4570000,4575000,4580000,4585000,4590000,4595000,4600000,4605000,4610000,4615000,4620000,4625000,4630000,4635000,4640000,4645000,4650000,4655000,4660000,4665000,4670000,4675000,4680000,4685000,4690000,4695000,4700000,4705000,4710000,4715000,4720000,4725000,4730000,4735000,4740000,4745000,4750000,4755000,4760000,4765000,4770000,4775000,4780000,4785000,4790000,4795000,4800000,4805000,4810000,4815000,4820000,4825000,4830000,4835000,4840000,4845000,4850000,4855000,4860000,4865000,4870000,4875000,4880000,4885000,4890000,4895000,4900000,4905000,4910000,4915000,4920000,4925000,4930000,4935000,4940000,4945000,4950000,4955000,4960000,4965000,4970000,4975000,4980000,4985000,4990000,4995000,5000000,5005000,5010000,5015000,5020000,5025000,5030000,5035000,5040000,5045000,5050000,5055000,5060000,5065000,5070000,5075000,5080000,5085000,5090000,5095000,5100000,5105000,5110000,5115000,5120000,5125000,5130000,5135000,5140000,5145000,5150000,5155000,5160000,5165000,5170000,5175000,5180000,5185000,5190000,5195000,5200000,5205000,5210000,5215000,5220000,5225000,5230000,5235000,5240000,5245000,5250000,5255000,5260000,5265000,5270000,5275000,5280000,5285000,5290000,5295000,5300000,5305000,5310000,5315000,5320000,5325000,5330000,5335000,5340000,5345000,5350000,5355000,5360000,5365000,5370000,5375000,5380000,5385000,5390000,5395000,5400000,5405000,5410000,5415000,5420000,5425000,5430000,5435000,5440000,5445000,5450000,5455000,5460000,5465000,5470000,5475000,5480000,5485000,5490000,5495000,5500000,5505000,5510000,5515000,5520000,5525000,5530000,5535000,5540000,5545000,5550000,5555000,5560000,5565000,5570000,5575000,5580000,5585000,5590000,5595000,5600000,5605000,5610000,5615000,5620000,5625000,5630000,5635000,5640000,5645000,5650000,5655000,5660000,5665000,5670000,5675000,5680000,5685000,5690000,5695000,5700000,5705000,5710000,5715000,5720000,5725000,5730000,5735000,5740000,5745000,5750000,5755000,5760000,5765000,5770000,5775000,5780000,5785000,5790000,5795000,5800000,5805000,5810000,5815000,5820000,5825000,5830000,5835000,5840000,5845000,5850000,5855000,5860000,5865000,5870000,5875000,5880000,5885000,5890000,5895000,5900000,5905000,5910000,5915000,5920000,5925000,5930000,5935000,5940000,5945000,5950000,5955000,5960000,5965000,5970000,5975000,5980000,5985000,5990000,5995000,6000000,6005000,6010000,6015000,6020000,6025000,6030000,6035000,6040000,6045000,6050000,6055000,6060000,6065000,6070000,6075000,6080000,6085000,6090000,6095000,6100000,6105000,6110000,6115000,6120000,6125000,6130000,6135000,6140000,6145000,6150000,6155000,6160000,6165000,6170000,6175000,6180000,6185000,6190000,6195000,6200000,6205000,6210000,6215000,6220000,6225000,6230000,6235000,6240000,6245000,6250000,6255000,6260000,6265000,6270000,6275000,6280000,6285000,6290000,6295000,6300000,6305000,6310000,6315000,6320000,6325000,6330000,6335000,6340000,6345000,6350000,6355000,6360000,6365000,6370000,6375000,6380000,6385000,6390000,6395000,6400000,6405000,6410000,6415000,6420000,6425000,6430000,6435000,6440000,6445000,6450000,6455000,6460000,6465000,6470000,6475000,6480000,6485000,6490000,6495000,6500000,6505000,6510000,6515000,6520000,6525000,6530000,6535000,6540000,6545000,6550000,6555000,6560000,6565000,6570000,6575000,6580000,6585000,6590000,6595000,6600000,6605000,6610000,6615000,6620000,6625000,6630000,6635000,6640000,6645000,6650000,6655000,6660000,6665000,6670000,6675000,6680000,6685000,6690000,6695000,6700000,6705000,6710000,6715000,6720000,6725000,6730000,6735000,6740000,6745000,6750000,6755000,6760000,6765000,6770000,6775000,6780000,6785000,6790000,6795000,6800000,6805000,6810000,6815000,6820000,6825000,6830000,6835000,6840000,6845000,6850000,6855000,6860000,6865000,6870000,6875000,6880000,6885000,6890000,6895000,6900000,6905000,6910000,6915000,6920000,6925000,6930000,6935000,6940000,6945000,6950000,6955000,6960000,6965000,6970000,6975000,6980000,6985000,6990000,6995000,7000000,7005000,7010000,7015000,7020000,7025000,7030000,7035000,7040000,7045000,7050000,7055000,7060000,7065000,7070000,7075000,7080000,7085000,7090000,7095000,7100000,7105000,7110000,7115000,7120000,7125000,7130000,7135000,7140000,7145000,7150000,7155000,7160000,7165000,7170000,7175000,7180000,7185000,7190000,7195000,7200000,7205000,7210000,7215000,7220000,7225000,7230000,7235000,7240000,7245000,7250000,7255000,7260000,7265000,7270000,7275000,7280000,7285000,7290000,7295000,7300000,7305000,7310000,7315000,7320000,7325000,7330000,7335000,7340000,7345000,7350000,7355000,7360000,7365000,7370000,7375000,7380000,7385000,7390000,7395000,7400000,7405000,7410000,7415000,7420000,7425000,7430000,7435000,7440000,7445000,7450000,7455000,7460000,7465000,7470000,7475000,7480000,7485000,7490000,7495000,7500000,7505000,7510000,7515000,7520000,7525000,7530000,7535000,7540000,7545000,7550000,7555000,7560000,7565000,7570000,7575000,7580000,7585000,7590000,7595000,7600000,7605000,7610000,7615000,7620000,7625000,7630000,7635000,7640000,7645000,7650000,7655000,7660000,7665000,7670000,7675000,7680000,7685000,7690000,7695000,7700000,7705000,7710000,7715000,7720000,7725000,7730000,7735000,7740000,7745000,7750000,7755000,7760000,7765000,7770000,7775000,7780000,7785000,7790000,7795000,7800000,7805000,7810000,7815000,7820000,7825000,7830000,7835000,7840000,7845000,7850000,7855000,7860000,7865000,7870000,7875000,7880000,7885000,7890000,7895000,7900000,7905000,7910000,7915000,7920000,7925000,7930000,7935000,7940000,7945000,7950000,7955000,7960000,7965000,7970000,7975000,7980000,7985000,7990000,7995000,8000000,8005000,8010000,8015000,8020000,8025000,8030000,8035000,8040000,8045000,8050000,8055000,8060000,8065000,8070000,8075000,8080000,8085000,8090000,8095000,8100000,8105000,8110000,8115000,8120000,8125000,8130000,8135000,8140000,8145000,8150000,8155000,8160000,8165000,8170000,8175000,8180000,8185000,8190000,8195000,8200000,8205000,8210000,8215000,8220000,8225000,8230000,8235000,8240000,8245000,8250000,8255000,8260000,8265000,8270000,8275000,8280000,8285000,8290000,8295000,8300000,8305000,8310000,8315000,8320000,8325000,8330000,8335000,8340000,8345000,8350000,8355000,8360000,8365000,8370000,8375000,8380000,8385000,8390000,8395000,8400000,8405000,8410000,8415000,8420000,8425000,8430000,8435000,8440000,8445000,8450000,8455000,8460000,8465000,8470000,8475000,8480000,8485000,8490000,8495000,8500000,8505000,8510000,8515000,8520000,8525000,8530000,8535000,8540000,8545000,8550000,8555000,8560000,8565000,8570000,8575000,8580000,8585000,8590000,8595000,8600000,8605000,8610000,8615000,8620000,8625000,8630000,8635000,8640000,8645000,8650000,8655000,8660000,8665000,8670000,8675000,8680000,8685000,8690000,8695000,8700000,8705000,8710000,8715000,8720000,8725000,8730000,8735000,8740000,8745000,8750000,8755000,8760000,8765000,8770000,8775000,8780000,8785000,8790000,8795000,8800000,8805000,8810000,8815000,8820000,8825000,8830000,8835000,8840000,8845000,8850000,8855000,8860000,8865000,8870000,8875000,8880000,8885000,8890000,8895000,8900000,8905000,8910000,8915000,8920000,8925000,8930000,8935000,8940000,8945000,8950000,8955000,8960000,8965000,8970000,8975000,8980000,8985000,8990000,8995000,9000000,9005000,9010000,9015000,9020000,9025000,9030000,9035000,9040000,9045000,9050000,9055000,9060000,9065000,9070000,9075000,9080000,9085000,9090000,9095000,9100000,9105000,9110000,9115000,9120000,9125000,9130000,9135000,9140000,9145000,9150000,9155000,9160000,9165000,9170000,9175000,9180000,9185000,9190000,9195000,9200000,9205000,9210000,9215000,9220000,9225000,9230000,9235000,9240000,9245000,9250000,9255000,9260000,9265000,9270000,9275000,9280000,9285000,9290000,9295000,9300000,9305000,9310000,9315000,9320000,9325000,9330000,9335000,9340000,9345000,9350000,9355000,9360000,9365000,9370000,9375000,9380000,9385000,9390000,9395000,9400000,9405000,9410000,9415000,9420000,9425000,9430000,9435000,9440000,9445000,9450000,9455000,9460000,9465000,9470000,9475000,9480000,9485000,9490000,9495000,9500000,9505000,9510000,9515000,9520000,9525000,9530000,9535000,9540000,9545000,9550000,9555000,9560000,9565000,9570000,9575000,9580000,9585000,9590000,9595000,9600000,9605000,9610000,9615000,9620000,9625000,9630000,9635000,9640000,9645000,9650000,9655000,9660000,9665000,9670000,9675000,9680000,9685000,9690000,9695000,9700000,9705000,9710000,9715000,9720000,9725000,9730000,9735000,9740000,9745000,9750000,9755000,9760000,9765000,9770000,9775000,9780000,9785000,9790000,9795000,9800000,9805000,9810000,9815000,9820000,9825000,9830000,9835000,9840000,9845000,9850000,9855000,9860000,9865000,9870000,9875000,9880000,9885000,9890000,9895000,9900000,9905000,9910000,9915000,9920000,9925000,9930000,9935000,9940000,9945000,9950000,9955000,9960000,9965000,9970000,9975000,9980000,9985000,9990000,9995000,10000000,10005000,10010000,10015000,10020000,10025000,10030000,10035000,10040000,10045000,10050000,10055000,10060000,10065000,10070000,10075000,10080000,10085000,10090000,10095000,10100000,10105000,10110000,10115000,10120000,10125000,10130000,10135000,10140000,10145000,10150000,10155000,10160000,10165000,10170000,10175000,10180000,10185000,10190000,10195000,10200000,10205000,10210000,10215000,10220000,10225000,10230000,10235000,10240000,10245000,10250000,10255000,10260000,10265000,10270000,10275000,10280000,10285000,10290000,10295000,10300000,10305000,10310000,10315000,10320000,10325000,10330000,10335000,10340000,10345000,10350000,10355000,10360000,10365000,10370000,10375000,10380000,10385000,10390000,10395000,10400000,10405000,10410000,10415000,10420000,10425000,10430000,10435000,10440000,10445000,10450000,10455000,10460000,10465000,10470000,10475000,10480000,10485000,10490000,10495000,10500000,10505000,10510000,10515000,10520000,10525000,10530000,10535000,10540000,10545000,10550000,10555000,10560000,10565000,10570000,10575000,10580000,10585000,10590000,10595000,10600000,10605000,10610000,10615000,10620000,10625000,10630000,10635000,10640000,10645000,10650000,10655000,10660000,10665000,10670000,10675000,10680000,10685000,10690000,10695000,10700000,10705000,10710000,10715000,10720000,10725000,10730000,10735000,10740000,10745000,10750000,10755000,10760000,10765000,10770000,10775000,10780000,10785000,10790000,10795000,10800000,10805000,10810000,10815000,10820000,10825000,10830000,10835000,10840000,10845000,10850000,10855000,10860000,10865000,10870000,10875000,10880000,10885000,10890000,10895000,10900000,10905000,10910000,10915000,10920000,10925000,10930000,10935000,10940000,10945000,10950000,10955000,10960000,10965000,10970000,10975000,10980000,10985000,10990000,10995000,11000000,11005000,11010000,11015000,11020000,11025000,11030000,11035000,11040000,11045000,11050000,11055000,11060000,11065000,11070000,11075000,11080000,11085000,11090000,11095000,11100000,11105000,11110000,11115000,11120000,11125000,11130000,11135000,11140000,11145000,11150000,11155000,11160000,11165000,11170000,11175000,11180000,11185000,11190000,11195000,11200000,11205000,11210000,11215000,11220000,11225000,11230000,11235000,11240000,11245000,11250000,11255000,11260000,11265000,11270000,11275000,11280000,11285000,11290000,11295000,11300000,11305000,11310000,11315000,11320000,11325000,11330000,11335000,11340000,11345000,11350000,11355000,11360000,11365000,11370000,11375000,11380000,11385000,11390000,11395000,11400000,11405000,11410000,11415000,11420000,11425000,11430000,11435000,11440000,11445000,11450000,11455000,11460000,11465000,11470000,11475000,11480000,11485000,11490000,11495000,11500000,11505000,11510000,11515000,11520000,11525000,11530000,11535000,11540000,11545000,11550000,11555000,11560000,11565000,11570000,11575000,11580000,11585000,11590000,11595000,11600000,11605000,11610000,11615000,11620000,11625000,11630000,11635000,11640000,11645000,11650000,11655000,11660000,11665000,11670000,11675000,11680000,11685000,11690000,11695000,11700000,11705000,11710000,11715000,11720000,11725000,11730000,11735000,11740000,11745000,11750000,11755000,11760000,11765000,11770000,11775000,11780000,11785000,11790000,11795000,11800000,11805000,11810000,11815000,11820000,11825000,11830000,11835000,11840000,11845000,11850000,11855000,11860000,11865000,11870000,11875000,11880000,11885000,11890000,11895000,11900000,11905000,11910000,11915000,11920000,11925000,11930000,11935000,11940000,11945000,11950000,11955000,11960000,11965000,11970000,11975000,11980000,11985000,11990000,11995000,12000000,12005000,12010000,12015000,12020000,12025000,12030000,12035000,12040000,12045000,12050000,12055000,12060000,12065000,12070000,12075000,12080000,12085000,12090000,12095000,12100000,12105000,12110000,12115000,12120000,12125000,12130000,12135000,12140000,12145000,12150000,12155000,12160000,12165000,12170000,12175000,12180000,12185000,12190000,12195000,12200000,12205000,12210000,12215000,12220000,12225000,12230000,12235000,12240000,12245000,12250000,12255000,12260000,12265000,12270000,12275000,12280000,12285000,12290000,12295000,12300000,12305000,12310000,12315000,12320000,12325000,12330000,12335000,12340000,12345000,12350000,12355000,12360000,12365000,12370000,12375000,12380000,12385000,12390000,12395000,12400000,12405000,12410000,12415000,12420000,12425000,12430000,12435000,12440000,12445000,12450000,12455000,12460000,12465000,12470000,12475000,12480000,12485000,12490000,12495000,12500000,12505000,12510000,12515000,12520000,12525000,12530000,12535000,12540000,12545000,12550000,12555000,12560000,12565000,12570000,12575000,12580000,12585000,12590000,12595000,12600000,12605000,12610000,12615000,12620000,12625000,12630000,12635000,12640000,12645000,12650000,12655000,12660000,12665000,12670000,12675000,12680000,12685000,12690000,12695000,12700000,12705000,12710000,12715000,12720000,12725000,12730000,12735000,12740000,12745000,12750000,12755000,12760000,12765000,12770000,12775000,12780000,12785000,12790000,12795000,12800000,12805000,12810000,12815000,12820000,12825000,12830000,12835000,12840000,12845000,12850000,12855000,12860000,12865000,12870000,12875000,12880000,12885000,12890000,12895000,12900000,12905000,12910000,12915000,12920000,12925000,12930000,12935000,12940000,12945000,12950000,12955000,12960000,12965000,12970000,12975000,12980000,12985000,12990000,12995000,13000000,13005000,13010000,13015000,13020000,13025000,13030000,13035000,13040000,13045000,13050000,13055000,13060000,13065000,13070000,13075000,13080000,13085000,13090000,13095000,13100000,13105000,13110000,13115000,13120000,13125000,13130000,13135000,13140000,13145000,13150000,13155000,13160000,13165000,13170000,13175000,13180000,13185000,13190000,13195000,13200000,13205000,13210000,13215000,13220000,13225000,13230000,13235000,13240000,13245000,13250000,13255000,13260000,13265000,13270000,13275000,13280000,13285000,13290000,13295000,13300000,13305000,13310000,13315000,13320000,13325000,13330000,13335000,13340000,13345000,13350000,13355000,13360000,13365000,13370000,13375000,13380000,13385000,13390000,13395000,13400000,13405000,13410000,13415000,13420000,13425000,13430000,13435000,13440000,13445000,13450000,13455000,13460000,13465000,13470000,13475000,13480000,13485000,13490000,13495000,13500000,13505000,13510000,13515000,13520000,13525000,13530000,13535000,13540000,13545000,13550000,13555000,13560000,13565000,13570000,13575000,13580000,13585000,13590000,13595000,13600000,13605000,13610000,13615000,13620000,13625000,13630000,13635000,13640000,13645000,13650000,13655000,13660000,13665000,13670000,13675000,13680000,13685000,13690000,13695000,13700000,13705000,13710000,13715000,13720000,13725000,13730000,13735000,13740000,13745000,13750000,13755000,13760000,13765000,13770000,13775000,13780000,13785000,13790000,13795000,13800000,13805000,13810000,13815000,13820000,13825000,13830000,13835000,13840000,13845000,13850000,13855000,13860000,13865000,13870000,13875000,13880000,13885000,13890000,13895000,13900000,13905000,13910000,13915000,13920000,13925000,13930000,13935000,13940000,13945000,13950000,13955000,13960000,13965000,13970000,13975000,13980000,13985000,13990000,13995000,14000000,14005000,14010000,14015000,14020000,14025000,14030000,14035000,14040000,14045000,14050000,14055000,14060000,14065000,14070000,14075000,14080000,14085000,14090000,14095000,14100000,14105000,14110000,14115000,14120000,14125000,14130000,14135000,14140000,14145000,14150000,14155000,14160000,14165000,14170000,14175000,14180000,14185000,14190000,14195000,14200000,14205000,14210000,14215000,14220000,14225000,14230000,14235000,14240000,14245000,14250000,14255000,14260000,14265000,14270000,14275000,14280000,14285000,14290000,14295000,14300000,14305000,14310000,14315000,14320000,14325000,14330000,14335000,14340000,14345000,14350000,14355000,14360000,14365000,14370000,14375000,14380000,14385000,14390000,14395000,14400000,14405000,14410000,14415000,14420000,14425000,14430000,14435000,14440000,14445000,14450000,14455000,14460000,14465000,14470000,14475000,14480000,14485000,14490000,14495000,14500000,14505000,14510000,14515000,14520000,14525000,14530000,14535000,14540000,14545000,14550000,14555000,14560000,14565000,14570000,14575000,14580000,14585000,14590000,14595000,14600000,14605000,14610000,14615000,14620000,14625000,14630000,14635000,14640000,14645000,14650000,14655000,14660000,14665000,14670000,14675000,14680000,14685000,14690000,14695000,14700000,14705000,14710000,14715000,14720000,14725000,14730000,14735000,14740000,14745000,14750000,14755000,14760000,14765000,14770000,14775000,14780000,14785000,14790000,14795000,14800000,14805000,14810000,14815000,14820000,14825000,14830000,14835000,14840000,14845000,14850000,14855000,14860000,14865000,14870000,14875000,14880000,14885000,14890000,14895000,14900000,14905000,14910000,14915000,14920000,14925000,14930000,14935000,14940000,14945000,14950000,14955000,14960000,14965000,14970000,14975000,14980000,14985000,14990000,14995000,15000000
scores,0.0,1.0,0.0,1.0,0.0,0.0,1.0,0.0,0.0,0.0,0.0,0.0,0.0,0.0,0.0,0.0,1.0,1.0,0.0,0.0,0.0,0.0,0.0,0.0,0.0,1.0,0.0,0.0,0.0,0.0,0.0,1.0,0.0,0.0,1.0,0.0,0.0,0.0,0.0,0.0,0.0,1.0,0.0,0.0,0.0,0.0,0.0,0.0,0.0,0.0,0.0,0.0,1.0,0.0,1.0,0.0,0.0,1.0,1.0,0.0,0.0,0.0,3.0,0.0,0.0,0.0,0.0,0.0,1.0,0.0,0.0,0.0,0.0,0.0,0.0,0.0,0.0,1.0,0.0,0.0,0.0,0.0,1.0,0.0,0.0,0.0,0.0,1.0,2.0,0.0,0.0,0.0,0.0,0.0,0.0,0.0,0.0,1.0,0.0,1.0,0.0,0.0,0.0,2.0,0.0,0.0,0.0,1.0,0.0,0.0,0.0,0.0,0.0,0.0,1.0,0.0,1.0,0.0,0.0,0.0,0.0,0.0,0.0,0.0,1.0,1.0,1.0,0.0,0.0,0.0,0.0,0.0,0.0,0.0,1.0,1.0,1.0,0.0,0.0,1.0,0.0,0.0,0.0,0.0,2.0,0.0,0.0,1.0,1.0,1.0,1.0,0.0,1.0,0.0,1.0,1.0,0.0,0.0,1.0,0.0,0.0,0.0,0.0,1.0,2.0,1.0,0.0,0.0,1.0,0.0,0.0,0.0,0.0,1.0,0.0,0.0,0.0,1.0,0.0,0.0,1.0,2.0,0.0,2.0,0.0,0.0,0.0,0.0,0.0,1.0,0.0,1.0,0.0,0.0,2.0,0.0,0.0,0.0,0.0,1.0,1.0,1.0,0.0,0.0,0.0,0.0,0.0,0.0,1.0,0.0,0.0,0.0,0.0,0.0,0.0,1.0,2.0,0.0,0.0,0.0,0.0,0.0,1.0,0.0,1.0,0.0,0.0,1.0,0.0,0.0,0.0,0.0,0.0,0.0,1.0,0.0,0.0,1.0,0.0,0.0,1.0,0.0,1.0,0.0,0.0,0.0,1.0,0.0,1.0,1.0,2.0,1.0,1.0,2.0,0.0,0.0,1.0,1.0,0.0,0.0,1.0,0.0,0.0,0.0,0.0,2.0,1.0,0.0,0.0,0.0,1.0,1.0,0.0,0.0,0.0,0.0,0.0,1.0,0.0,0.0,0.0,0.0,1.0,1.0,0.0,0.0,0.0,0.0,0.0,1.0,0.0,1.0,0.0,0.0,0.0,1.0,1.0,0.0,1.0,0.0,0.0,0.0,1.0,1.0,0.0,1.0,0.0,2.0,1.0,2.0,0.0,0.0,1.0,0.0,0.0,0.0,0.0,1.0,0.0,0.0,2.0,1.0,1.0,0.0,0.0,0.0,0.0,1.0,1.0,0.0,1.0,2.0,1.0,1.0,1.0,0.0,0.0,1.0,0.0,0.0,0.0,0.0,1.0,0.0,1.0,0.0,0.0,1.0,1.0,2.0,0.0,1.0,0.0,0.0,0.0,0.0,0.0,0.0,2.0,1.0,0.0,1.0,0.0,0.0,1.0,0.0,1.0,1.0,2.0,0.0,2.0,0.0,0.0,2.0,0.0,2.0,1.0,0.0,0.0,1.0,0.0,0.0,1.0,0.0,0.0,0.0,0.0,0.0,0.0,3.0,2.0,1.0,1.0,0.0,0.0,0.0,0.0,1.0,1.0,0.0,1.0,0.0,0.0,1.0,1.0,0.0,0.0,0.0,0.0,0.0,1.0,1.0,0.0,0.0,2.0,1.0,1.0,1.0,1.0,0.0,1.0,0.0,0.0,2.0,2.0,0.0,1.0,1.0,0.0,0.0,2.0,0.0,1.0,0.0,1.0,0.0,0.0,0.0,0.0,0.0,1.0,1.0,1.0,1.0,0.0,4.0,1.0,0.0,1.0,0.0,0.0,1.0,2.0,1.0,0.0,0.0,0.0,1.0,0.0,1.0,0.0,0.0,1.0,0.0,1.0,0.0,0.0,0.0,1.0,0.0,0.0,1.0,1.0,0.0,1.0,0.0,1.0,2.0,1.0,1.0,0.0,1.0,1.0,2.0,0.0,1.0,1.0,1.0,0.0,0.0,1.0,2.0,1.0,2.0,1.0,0.0,1.0,1.0,1.0,0.0,1.0,1.0,0.0,0.0,1.0,0.0,0.0,1.0,2.0,0.0,0.0,0.0,3.0,0.0,1.0,0.0,0.0,0.0,1.0,0.0,1.0,3.0,0.0,1.0,0.0,1.0,0.0,0.0,2.0,3.0,0.0,1.0,2.0,0.0,1.0,1.0,1.0,2.0,0.0,1.0,0.0,2.0,0.0,2.0,1.0,1.0,0.0,2.0,0.0,1.0,1.0,0.0,0.0,1.0,1.0,2.0,1.0,0.0,1.0,2.0,1.0,0.0,2.0,1.0,0.0,1.0,1.0,1.0,1.0,1.0,1.0,1.0,0.0,1.0,0.0,0.0,1.0,1.0,1.0,1.0,1.0,1.0,2.0,1.0,2.0,2.0,1.0,0.0,1.0,2.0,2.0,2.0,1.0,1.0,1.0,0.0,2.0,2.0,0.0,1.0,1.0,1.0,1.0,1.0,1.0,1.0,2.0,2.0,2.0,0.0,0.0,3.0,2.0,1.0,1.0,3.0,1.0,1.0,0.0,4.0,0.0,0.0,0.0,3.0,3.0,0.0,0.0,3.0,3.0,1.0,0.0,1.0,0.0,1.0,1.0,0.0,0.0,4.0,1.0,1.0,3.0,0.0,1.0,3.0,2.0,0.0,1.0,1.0,0.0,0.0,0.0,4.0,1.0,2.0,1.0,1.0,2.0,1.0,1.0,0.0,1.0,2.0,3.0,0.0,0.0,0.0,1.0,1.0,1.0,2.0,1.0,0.0,0.0,1.0,3.0,4.0,2.0,3.0,1.0,1.0,1.0,0.0,1.0,1.0,2.0,1.0,1.0,1.0,1.0,2.0,3.0,2.0,3.0,0.0,4.0,0.0,1.0,0.0,0.0,1.0,0.0,1.0,2.0,1.0,3.0,1.0,2.0,2.0,1.0,3.0,1.0,0.0,3.0,2.0,2.0,0.0,2.0,2.0,1.0,1.0,2.0,1.0,2.0,2.0,2.0,1.0,2.0,2.0,0.0,0.0,2.0,0.0,2.0,4.0,0.0,1.0,4.0,1.0,2.0,1.0,1.0,1.0,2.0,5.0,2.0,1.0,1.0,1.0,2.0,2.0,1.0,1.0,0.0,3.0,2.0,2.0,0.0,2.0,1.0,1.0,0.0,1.0,1.0,1.0,1.0,3.0,2.0,2.0,0.0,0.0,2.0,1.0,1.0,1.0,2.0,3.0,2.0,0.0,1.0,5.0,0.0,3.0,1.0,1.0,1.0,0.0,2.0,0.0,1.0,0.0,1.0,0.0,1.0,1.0,2.0,1.0,3.0,0.0,1.0,1.0,0.0,0.0,1.0,0.0,0.0,1.0,1.0,0.0,2.0,1.0,1.0,3.0,0.0,2.0,1.0,1.0,0.0,1.0,1.0,1.0,1.0,0.0,2.0,1.0,0.0,0.0,1.0,4.0,0.0,4.0,1.0,1.0,3.0,1.0,0.0,1.0,0.0,2.0,2.0,1.0,0.0,0.0,3.0,1.0,3.0,3.0,1.0,1.0,1.0,2.0,0.0,2.0,1.0,1.0,1.0,1.0,2.0,3.0,1.0,1.0,1.0,3.0,1.0,0.0,3.0,1.0,0.0,1.0,1.0,2.0,2.0,1.0,1.0,2.0,3.0,2.0,1.0,4.0,2.0,2.0,3.0,2.0,1.0,3.0,3.0,4.0,1.0,0.0,1.0,3.0,2.0,1.0,5.0,1.0,1.0,4.0,2.0,1.0,3.0,3.0,0.0,0.0,1.0,1.0,1.0,0.0,4.0,1.0,1.0,0.0,1.0,1.0,2.0,0.0,1.0,3.0,2.0,1.0,2.0,2.0,1.0,3.0,0.0,1.0,1.0,1.0,1.0,2.0,1.0,2.0,0.0,0.0,3.0,2.0,3.0,2.0,1.0,2.0,1.0,2.0,2.0,2.0,3.0,3.0,2.0,3.0,0.0,0.0,1.0,1.0,1.0,3.0,2.0,1.0,0.0,1.0,1.0,2.0,1.0,3.0,1.0,3.0,0.0,2.0,2.0,1.0,1.0,2.0,2.0,1.0,2.0,4.0,2.0,0.0,1.0,2.0,1.0,1.0,1.0,0.0,1.0,5.0,3.0,0.0,1.0,3.0,1.0,1.0,3.0,2.0,3.0,0.0,1.0,1.0,2.0,2.0,2.0,1.0,1.0,1.0,4.0,1.0,2.0,2.0,2.0,1.0,6.0,2.0,1.0,2.0,1.0,3.0,1.0,3.0,2.0,3.0,2.0,2.0,0.0,3.0,1.0,2.0,0.0,0.0,1.0,1.0,3.0,1.0,3.0,1.0,1.0,3.0,2.0,2.0,0.0,3.0,2.0,3.0,3.0,4.0,3.0,5.0,2.0,3.0,2.0,2.0,1.0,2.0,3.0,3.0,3.0,1.0,4.0,2.0,2.0,3.0,1.0,3.0,1.0,2.0,2.0,1.0,0.0,2.0,2.0,1.0,0.0,1.0,2.0,1.0,1.0,1.0,0.0,1.0,0.0,3.0,2.0,0.0,1.0,2.0,1.0,1.0,1.0,0.0,4.0,1.0,4.0,0.0,1.0,2.0,1.0,3.0,4.0,1.0,2.0,1.0,1.0,1.0,2.0,0.0,4.0,1.0,3.0,2.0,1.0,3.0,1.0,2.0,2.0,1.0,1.0,2.0,1.0,2.0,3.0,2.0,1.0,1.0,1.0,3.0,2.0,1.0,0.0,2.0,2.0,5.0,5.0,0.0,3.0,0.0,2.0,4.0,1.0,2.0,1.0,0.0,4.0,3.0,1.0,3.0,1.0,4.0,2.0,1.0,2.0,3.0,1.0,3.0,4.0,3.0,3.0,1.0,2.0,2.0,0.0,3.0,2.0,1.0,1.0,3.0,2.0,2.0,2.0,2.0,3.0,1.0,2.0,3.0,3.0,3.0,2.0,1.0,2.0,0.0,1.0,1.0,1.0,1.0,1.0,3.0,2.0,0.0,2.0,2.0,2.0,3.0,1.0,2.0,1.0,4.0,4.0,4.0,4.0,0.0,1.0,2.0,0.0,2.0,4.0,3.0,2.0,1.0,2.0,4.0,3.0,2.0,1.0,6.0,2.0,2.0,2.0,2.0,2.0,3.0,2.0,1.0,2.0,1.0,2.0,7.0,2.0,2.0,1.0,4.0,1.0,3.0,1.0,2.0,2.0,4.0,0.0,1.0,1.0,6.0,2.0,2.0,3.0,1.0,1.0,2.0,2.0,3.0,2.0,1.0,2.0,1.0,1.0,4.0,1.0,1.0,2.0,2.0,2.0,1.0,2.0,2.0,2.0,3.0,1.0,3.0,2.0,2.0,1.0,5.0,3.0,2.0,3.0,4.0,4.0,2.0,2.0,1.0,1.0,3.0,4.0,3.0,5.0,1.0,1.0,0.0,3.0,2.0,0.0,2.0,3.0,1.0,2.0,3.0,5.0,4.0,4.0,2.0,2.0,4.0,2.0,3.0,2.0,2.0,3.0,1.0,1.0,2.0,0.0,1.0,2.0,2.0,2.0,3.0,2.0,5.0,3.0,1.0,3.0,3.0,1.0,2.0,3.0,0.0,3.0,2.0,3.0,4.0,0.0,0.0,2.0,3.0,4.0,2.0,5.0,1.0,1.0,2.0,0.0,0.0,1.0,1.0,4.0,2.0,3.0,3.0,1.0,1.0,0.0,4.0,0.0,4.0,3.0,2.0,1.0,3.0,1.0,2.0,1.0,3.0,1.0,2.0,2.0,3.0,3.0,2.0,3.0,3.0,3.0,3.0,5.0,1.0,2.0,2.0,2.0,3.0,3.0,1.0,2.0,4.0,1.0,2.0,2.0,4.0,3.0,4.0,3.0,4.0,1.0,2.0,2.0,4.0,1.0,1.0,6.0,3.0,3.0,4.0,2.0,2.0,2.0,3.0,2.0,1.0,3.0,2.0,5.0,8.0,4.0,4.0,2.0,4.0,5.0,3.0,4.0,2.0,2.0,4.0,2.0,3.0,2.0,1.0,2.0,2.0,3.0,4.0,3.0,1.0,2.0,3.0,1.0,2.0,3.0,3.0,4.0,2.0,3.0,1.0,3.0,2.0,3.0,3.0,2.0,2.0,2.0,3.0,2.0,4.0,2.0,3.0,2.0,1.0,6.0,1.0,2.0,3.0,1.0,2.0,4.0,1.0,1.0,3.0,2.0,4.0,1.0,2.0,2.0,2.0,4.0,2.0,3.0,4.0,5.0,1.0,2.0,2.0,1.0,4.0,2.0,3.0,1.0,3.0,1.0,4.0,4.0,0.0,1.0,2.0,5.0,2.0,2.0,2.0,3.0,2.0,3.0,0.0,5.0,2.0,5.0,1.0,2.0,2.0,2.0,2.0,3.0,2.0,4.0,2.0,1.0,4.0,2.0,2.0,2.0,3.0,3.0,3.0,5.0,3.0,4.0,1.0,1.0,4.0,1.0,1.0,3.0,1.0,3.0,2.0,2.0,3.0,3.0,3.0,4.0,3.0,4.0,1.0,6.0,3.0,4.0,2.0,5.0,2.0,2.0,1.0,5.0,3.0,2.0,4.0,1.0,3.0,2.0,4.0,2.0,2.0,2.0,6.0,2.0,3.0,2.0,3.0,1.0,3.0,1.0,4.0,3.0,1.0,4.0,3.0,1.0,2.0,2.0,4.0,3.0,2.0,5.0,0.0,2.0,7.0,3.0,2.0,1.0,2.0,2.0,2.0,4.0,2.0,2.0,1.0,2.0,3.0,4.0,1.0,4.0,3.0,2.0,2.0,2.0,4.0,3.0,5.0,3.0,3.0,4.0,5.0,6.0,1.0,1.0,3.0,4.0,2.0,2.0,2.0,3.0,1.0,4.0,4.0,2.0,5.0,2.0,5.0,1.0,4.0,4.0,5.0,3.0,2.0,2.0,3.0,1.0,4.0,3.0,4.0,2.0,2.0,2.0,2.0,3.0,2.0,3.0,1.0,5.0,2.0,2.0,1.0,1.0,2.0,2.0,4.0,2.0,5.0,2.0,4.0,4.0,3.0,4.0,1.0,5.0,4.0,3.0,2.0,4.0,4.0,5.0,2.0,3.0,4.0,6.0,2.0,1.0,4.0,3.0,1.0,2.0,6.0,3.0,2.0,3.0,3.0,3.0,2.0,4.0,3.0,4.0,6.0,4.0,5.0,4.0,4.0,1.0,2.0,3.0,2.0,6.0,3.0,1.0,2.0,4.0,3.0,5.0,2.0,4.0,4.0,2.0,1.0,3.0,4.0,4.0,4.0,2.0,3.0,3.0,4.0,4.0,1.0,3.0,2.0,3.0,1.0,3.0,3.0,2.0,6.0,8.0,1.0,1.0,3.0,4.0,4.0,6.0,4.0,1.0,3.0,4.0,4.0,2.0,7.0,2.0,3.0,3.0,1.0,4.0,4.0,3.0,1.0,2.0,2.0,3.0,4.0,6.0,3.0,5.0,5.0,4.0,2.0,0.0,4.0,2.0,1.0,3.0,3.0,2.0,3.0,3.0,8.0,4.0,5.0,1.0,5.0,6.0,4.0,4.0,2.0,3.0,1.0,3.0,3.0,2.0,2.0,6.0,2.0,2.0,2.0,4.0,2.0,5.0,3.0,2.0,6.0,4.0,2.0,5.0,4.0,3.0,3.0,6.0,1.0,3.0,4.0,3.0,4.0,4.0,4.0,1.0,2.0,4.0,4.0,5.0,1.0,5.0,2.0,5.0,4.0,4.0,2.0,5.0,2.0,3.0,2.0,3.0,4.0,1.0,3.0,2.0,3.0,1.0,2.0,2.0,4.0,7.0,4.0,4.0,2.0,4.0,3.0,5.0,4.0,4.0,4.0,2.0,2.0,6.0,2.0,4.0,3.0,2.0,4.0,2.0,3.0,3.0,2.0,2.0,2.0,2.0,7.0,2.0,3.0,4.0,4.0,1.0,2.0,2.0,2.0,4.0,4.0,3.0,6.0,4.0,3.0,1.0,2.0,6.0,2.0,1.0,5.0,2.0,4.0,4.0,4.0,4.0,2.0,4.0,2.0,4.0,3.0,5.0,5.0,4.0,5.0,2.0,4.0,1.0,2.0,2.0,3.0,5.0,2.0,2.0,2.0,2.0,5.0,4.0,2.0,3.0,4.0,4.0,2.0,5.0,1.0,4.0,2.0,3.0,5.0,3.0,5.0,5.0,3.0,3.0,3.0,2.0,4.0,4.0,3.0,2.0,4.0,5.0,3.0,2.0,3.0,1.0,3.0,5.0,2.0,3.0,2.0,6.0,3.0,2.0,4.0,1.0,3.0,5.0,1.0,3.0,6.0,3.0,1.0,4.0,4.0,2.0,4.0,5.0,4.0,2.0,3.0,2.0,4.0,3.0,4.0,6.0,3.0,2.0,4.0,2.0,5.0,2.0,2.0,5.0,5.0,6.0,3.0,4.0,1.0,4.0,3.0,3.0,2.0,3.0,4.0,3.0,2.0,2.0,3.0,3.0,3.0,4.0,4.0,2.0,3.0,4.0,2.0,3.0,1.0,2.0,3.0,10.0,5.0,3.0,2.0,3.0,5.0,5.0,3.0,3.0,1.0,2.0,5.0,4.0,3.0,3.0,4.0,2.0,5.0,3.0,4.0,2.0,3.0,5.0,2.0,2.0,4.0,2.0,3.0,2.0,3.0,2.0,3.0,5.0,2.0,4.0,4.0,4.0,7.0,2.0,2.0,2.0,2.0,3.0,3.0,3.0,7.0,2.0,3.0,4.0,3.0,2.0,3.0,4.0,4.0,6.0,6.0,6.0,3.0,5.0,4.0,5.0,1.0,4.0,2.0,5.0,5.0,4.0,3.0,2.0,3.0,3.0,3.0,4.0,1.0,2.0,4.0,3.0,2.0,3.0,3.0,2.0,1.0,4.0,4.0,3.0,1.0,3.0,2.0,5.0,3.0,5.0,6.0,5.0,2.0,3.0,3.0,4.0,4.0,2.0,3.0,2.0,2.0,4.0,2.0,2.0,2.0,2.0,3.0,4.0,1.0,2.0,1.0,4.0,4.0,3.0,3.0,3.0,3.0,6.0,2.0,4.0,2.0,5.0,4.0,4.0,4.0,3.0,3.0,3.0,2.0,2.0,2.0,2.0,4.0,1.0,3.0,3.0,5.0,2.0,4.0,6.0,7.0,3.0,3.0,2.0,1.0,3.0,4.0,4.0,4.0,5.0,2.0,6.0,3.0,3.0,2.0,3.0,4.0,5.0,6.0,6.0,4.0,1.0,6.0,5.0,5.0,5.0,3.0,1.0,4.0,5.0,3.0,2.0,3.0,4.0,4.0,3.0,4.0,5.0,4.0,2.0,4.0,2.0,1.0,4.0,2.0,1.0,2.0,3.0,1.0,3.0,3.0,3.0,4.0,6.0,4.0,0.0,4.0,3.0,1.0,5.0,4.0,1.0,6.0,4.0,7.0,6.0,3.0,5.0,4.0,4.0,5.0,2.0,3.0,3.0,6.0,3.0,3.0,2.0,2.0,3.0,3.0,3.0,4.0,2.0,4.0,5.0,3.0,4.0,3.0,3.0,2.0,4.0,3.0,4.0,5.0,5.0,4.0,5.0,3.0,2.0,4.0,6.0,3.0,2.0,3.0,3.0,4.0,2.0,3.0,3.0,3.0,5.0,5.0,3.0,5.0,5.0,5.0,5.0,4.0,3.0,2.0,2.0,4.0,3.0,5.0,3.0,4.0,4.0,1.0,5.0,2.0,2.0,6.0,4.0,4.0,2.0,5.0,5.0,3.0,1.0,4.0,2.0,6.0,5.0,3.0,4.0,8.0,4.0,3.0,2.0,4.0,4.0,4.0,4.0,2.0,3.0,3.0,4.0,7.0,4.0,4.0,7.0,2.0,4.0,4.0,10.0,3.0,3.0,6.0,2.0,3.0,2.0,4.0,4.0,3.0,3.0,3.0,3.0,4.0,4.0,2.0,4.0,2.0,4.0,4.0,4.0,4.0,3.0,8.0,2.0,3.0,3.0,2.0,6.0,2.0,5.0,3.0,3.0,2.0,4.0,3.0,4.0,5.0,2.0,4.0,4.0,4.0,4.0,3.0,4.0,4.0,2.0,3.0,0.0,3.0,3.0,4.0,3.0,3.0,4.0,3.0,3.0,4.0,5.0,2.0,3.0,8.0,3.0,3.0,5.0,4.0,3.0,4.0,5.0,5.0,5.0,2.0,2.0,2.0,4.0,2.0,2.0,6.0,3.0,3.0,7.0,3.0,7.0,7.0,3.0,4.0,2.0,3.0,3.0,2.0,2.0,4.0,3.0,4.0,4.0,0.0,2.0,2.0,7.0,5.0,4.0,2.0,3.0,5.0,6.0,4.0,2.0,3.0,6.0,4.0,5.0,3.0,4.0,4.0,2.0,2.0,3.0,3.0,4.0,4.0,3.0,3.0,2.0,8.0,4.0,4.0,4.0,6.0,3.0,3.0,3.0,2.0,4.0,5.0,3.0,5.0,4.0,2.0,4.0,2.0,6.0,2.0,2.0,6.0,3.0,4.0,2.0,2.0,4.0,2.0,6.0,6.0,3.0,4.0,3.0,4.0,5.0,6.0,4.0,3.0,6.0,4.0,5.0,3.0,2.0,2.0,7.0,3.0,5.0,2.0,3.0,4.0,5.0,5.0,3.0,3.0,5.0,4.0,4.0,4.0,2.0,4.0,4.0,2.0,4.0,4.0,4.0,4.0,6.0,5.0,6.0,6.0,2.0,6.0,3.0,4.0,3.0,4.0,5.0,4.0,3.0,3.0,5.0,3.0,3.0,3.0,2.0,2.0,3.0,2.0,2.0,4.0,3.0,5.0,2.0,5.0,2.0,3.0,3.0,3.0,4.0,5.0,5.0,4.0,5.0,3.0,3.0,2.0,7.0,5.0,5.0,7.0,5.0,4.0,7.0,2.0,3.0,2.0,3.0,4.0,3.0,3.0,3.0,3.0,4.0,3.0,4.0,4.0,7.0,4.0,1.0,4.0,6.0,2.0,3.0,3.0,3.0,4.0,5.0,2.0,3.0,5.0,2.0,6.0,2.0,4.0,3.0,6.0,4.0,4.0,3.0,5.0,1.0,3.0,5.0,3.0,7.0,1.0,3.0,3.0,2.0,2.0,2.0,7.0,2.0,4.0,6.0,2.0,5.0,3.0,5.0,5.0,5.0,2.0,4.0,5.0,4.0,2.0,3.0,5.0,3.0,3.0,3.0,2.0,4.0,3.0,4.0,3.0,3.0,6.0,8.0,4.0,4.0,5.0,4.0,8.0,2.0,4.0,1.0,4.0,6.0,5.0,6.0,9.0,4.0,4.0,4.0,4.0,6.0,5.0,6.0,3.0,4.0,4.0,6.0,3.0,3.0,3.0,3.0,3.0,2.0,5.0,4.0,8.0,4.0,6.0,3.0,5.0,3.0,2.0,4.0,5.0,4.0,1.0,4.0,4.0,3.0,5.0,4.0,4.0,3.0,5.0,2.0,6.0,2.0,4.0,3.0,3.0,2.0,7.0,6.0,6.0,4.0,4.0,3.0,4.0,3.0,3.0,5.0,2.0,2.0,5.0,4.0,3.0,5.0,5.0,3.0,7.0,4.0,2.0,6.0,4.0,3.0,4.0,1.0,1.0,2.0,4.0,4.0,4.0,7.0,5.0,4.0,4.0,2.0,4.0,1.0,3.0,4.0,3.0,2.0,3.0,4.0,4.0,6.0,4.0,2.0,4.0,6.0,6.0,5.0,4.0,5.0,2.0,5.0,3.0,4.0,3.0,7.0,4.0,2.0,3.0,4.0,4.0,6.0,5.0,3.0,3.0,7.0,4.0,4.0,7.0,6.0,2.0,3.0,5.0,3.0,4.0,2.0,3.0,6.0,7.0,3.0,1.0,4.0,3.0,3.0,5.0,3.0,3.0,5.0,6.0,6.0,1.0,5.0,4.0,2.0,3.0,3.0,5.0,4.0,4.0,2.0,3.0,3.0,7.0,6.0,4.0,4.0,6.0,3.0,7.0,5.0,6.0,2.0,5.0,5.0,7.0,3.0,4.0,4.0,5.0,5.0,6.0,6.0,5.0,4.0,2.0,5.0,2.0,5.0,3.0,3.0,3.0,6.0,4.0,3.0,6.0,7.0,5.0,3.0,4.0,3.0,3.0,5.0,4.0,5.0,4.0,4.0,5.0,4.0,4.0,5.0,4.0,6.0,5.0,3.0,4.0,7.0,4.0,6.0,3.0,3.0,5.0,4.0,5.0,5.0,5.0,2.0,4.0,2.0,6.0,6.0,5.0,4.0,4.0,2.0,5.0,5.0,3.0,2.0,3.0,3.0,2.0,4.0,3.0,2.0,2.0,5.0,3.0,1.0,2.0,6.0,4.0,3.0,2.0,6.0,1.0,6.0,3.0,4.0,3.0,6.0,3.0,5.0,3.0,9.0,4.0,5.0,4.0,5.0,5.0,5.0,4.0,4.0,3.0,2.0,3.0,5.0,6.0,5.0,6.0,6.0,3.0,7.0,3.0,4.0,3.0,3.0,3.0,8.0,3.0,4.0,4.0,3.0,4.0,5.0,4.0,4.0,4.0,3.0,7.0,4.0,5.0,3.0,6.0,2.0,5.0,2.0,4.0,3.0,2.0,4.0,4.0,4.0,5.0,6.0,6.0,4.0,6.0,7.0,9.0,3.0,5.0,4.0,5.0,6.0,4.0,4.0,7.0,6.0,2.0,2.0,4.0,2.0,5.0,4.0,4.0,6.0,4.0,3.0,3.0,1.0,4.0,5.0,4.0,2.0,4.0,7.0,3.0,6.0,3.0,4.0,7.0,3.0,4.0,3.0,5.0,4.0,2.0,5.0,5.0,7.0,4.0,4.0,5.0,6.0,7.0,5.0,6.0,3.0,6.0,7.0,3.0,5.0,2.0,5.0,3.0,3.0,2.0,3.0,4.0,5.0,1.0,4.0,4.0,4.0,4.0,5.0,5.0,5.0,5.0,3.0,2.0,3.0,7.0
critic_a_evals,0.13057085055045614,0.22018380731090947,0.22423793540068204,0.22540591347308436,0.22459429372703496,0.22561190789462668,0.2608783323290505,0.25190635632468816,0.27700188299476003,0.2918829997139713,0.26229870545439715,0.31269910284209623,0.34838603795200535,0.3215864422235986,0.29158933803917586,0.31806019045856204,0.3204875411617234,0.2953865851026746,0.2955035197951728,0.29002033022845264,0.2651550021504548,0.2839257407428065,0.28158816720611973,0.29128197488594365,0.2754675844796759,0.29415698328591533,0.2998250931510909,0.3104897005536918,0.28890186244548227,0.2976455021539739,0.3148544117459561,0.2941682024054182,0.28793337802750707,0.2905769173527239,0.29453044478980833,0.305050220202194,0.3015959291183258,0.30421053230298034,0.2992952452482516,0.2882550227637811,0.29754946635049256,0.2946970213414103,0.26876543793469565,0.30498890252353184,0.2945708213213363,0.29431870608356375,0.2943506165450476,0.2737494586635974,0.2773531558093056,0.2761590242600568,0.272486457783071,0.2603028732071431,0.29006438696458575,0.27061735708415097,0.28288363960890034,0.2696284931256864,0.2813241262598215,0.28996661129846785,0.29431310271009464,0.2895155908095159,0.2873533038554716,0.2924690886151982,0.2847616417690878,0.2711594085725038,0.2808060161623327,0.2900790173680198,0.29822455731932285,0.27044236525713783,0.3176142932981636,0.29388939584063695,0.28427980630378497,0.2863762062675332,0.28303770284162866,0.2992422795427041,0.27641734870361545,0.29311764486735853,0.2869203532766796,0.2983903630341925,0.29716454214687693,0.2955182551472168,0.3106170833971404,0.305129003348403,0.2905320261664553,0.29240799495692427,0.29789106368831786,0.2971918377120197,0.3048094063666548,0.310457367121649,0.30704052310176977,0.31537615528055996,0.3162417328295869,0.32056810606344205,0.29968996598586345,0.2969169105394348,0.31670449363341013,0.31658375115333837,0.3183387495396477,0.31303553775424786,0.32526437334762126,0.345018865792074,0.34934971099657697,0.3534488199650274,0.3590797325254368,0.3360364813172309,0.33689588685432875,0.35765315918070584,0.3563291127954365,0.35314970947026647,0.3772510529112392,0.33900720879079066,0.3348764410182142,0.3442977654637749,0.3576919243035456,0.36784507725279836,0.344721560713238,0.35053693902595123,0.34158411637916103,0.3472487615941824,0.33415350290571766,0.36261557272177675,0.3635835271875111,0.35135658251012303,0.3625543842807385,0.35443034289364034,0.34319081475486385,0.3406386057581029,0.3672908861909703,0.3532532488845771,0.3497182692595843,0.3610289270073965,0.35976536628605155,0.3509776550419352,0.35825999199312825,0.35019368233240356,0.35301943025462046,0.3599916263505363,0.3420337759118856,0.3497353091609735,0.3232554751385277,0.3460803220724694,0.33210316749331087,0.3460610945734321,0.3455878546384241,0.35331920133660966,0.3548681120720671,0.35668089823975124,0.35084178655269127,0.36186145620933424,0.3708632743642834,0.3711327670622975,0.35079498783857255,0.3595608272182234,0.3712524897570566,0.3667361372444665,0.3722949458187746,0.3774979688361889,0.355064939592704,0.3601562168093291,0.348063969626949,0.36018249095994437,0.3539927988798536,0.36048025830596553,0.3679393289177305,0.37157598405548287,0.365863426235409,0.3524325579507264,0.36084720410574955,0.3726034780750371,0.3858095428288055,0.3832074488479214,0.3823888219045139,0.39197644868765896,0.3736719059651644,0.3858493113976495,0.38400121052646374,0.39626553836830963,0.39051915791422503,0.4019753489415953,0.41095146754471457,0.3866468715653732,0.39312109357281844,0.37949776377638245,0.39099042739114276,0.3984309209083455,0.4080361225072197,0.3904946422636471,0.3882324688241298,0.3958673331255255,0.3923626271331132,0.39290613913470357,0.39089264762333203,0.4040553807546683,0.3812558655038603,0.41861652198238886,0.42854688870860363,0.41826946965326356,0.40279295916572067,0.4191770903586953,0.4041309974548908,0.40909470501756273,0.44718055903012044,0.39914081987305094,0.4043435546735285,0.4270228027527871,0.42546408063753177,0.41024220503227615,0.4334412977446425,0.40721663032240196,0.4189513017817807,0.4378767484408364,0.4219340586635482,0.41944852731287097,0.41419720178736663,0.39293291213096465,0.40873083503108065,0.40652483051105215,0.3990836781517511,0.398244136751497,0.4042365604013182,0.4005177346103653,0.3976031031633105,0.3929835035455699,0.4195004126526393,0.4237972220806103,0.4160322884478302,0.42628693908714665,0.4191885566123602,0.4265283935018996,0.4229708287716064,0.41752644984689335,0.41424874337148965,0.405212940314904,0.4374046512856853,0.380959838320206,0.42915065138396274,0.40681647235078955,0.4230201117706662,0.43705697201778226,0.43214809146992833,0.4158447058627977,0.4303299249744292,0.42595520819702765,0.45238454903084113,0.44877380591477606,0.4235786523920113,0.4339040023027444,0.4052177027142825,0.42573597421366616,0.4353409546091748,0.4388990248287361,0.44426651753096963,0.4237534027151683,0.42961388209234463,0.4476886428586065,0.4210675706635033,0.44545174675616184,0.43102856507713644,0.4364740660006299,0.4761778681252787,0.45715166978111405,0.46632431373417155,0.4682943680782079,0.46896733136846136,0.4718544031626735,0.4908103011800639,0.47308525795220274,0.47195929211163334,0.4749324663818352,0.4813497854080596,0.48020787522225833,0.47064396338999387,0.46976072076863706,0.478590237029652,0.47693548163027444,0.47275785796659264,0.46676039650304785,0.46432896242874067,0.4663777909976321,0.47109168104777793,0.4666953431202428,0.49223229891636355,0.46939006074130324,0.49067924960976805,0.4921920610072244,0.47042194538623106,0.5137923802800625,0.48618781892865587,0.4835217576464696,0.5112781080590342,0.5053827912151171,0.49655578799280653,0.4847951949945846,0.5034528014711871,0.4787578013304884,0.500997954384951,0.5127479004900666,0.5077538195593916,0.4910664585820437,0.5217624583005843,0.5321636122121337,0.5183380098425903,0.5176361608354718,0.5050182236146171,0.5150585490830182,0.5155741215609246,0.5302096606221489,0.5239363842108777,0.5504335938658806,0.5455046470363842,0.5304746846352564,0.5332137462523212,0.5438373039243296,0.5060040260390027,0.5553129591713142,0.5505049487088906,0.5484951888942597,0.5559712735492771,0.5466077249219068,0.5457039724455867,0.5346312515214514,0.5348825926165591,0.5441401935240958,0.5348838174098356,0.5640847517634925,0.5415362544740583,0.5634012915130105,0.5381744787995003,0.5437194632311655,0.5804393317821155,0.519367909506516,0.5661725318336238,0.5540411222401956,0.5435373780648962,0.5705881682465493,0.5580013340824379,0.5484779005448965,0.5355420081847116,0.563028408585593,0.5750848163948321,0.5603593669357158,0.5583329748609264,0.5760536780886514,0.5632262738508921,0.5643197518477855,0.5563876245201307,0.5534705078124376,0.5429032801060252,0.5533626700015738,0.5433646509605223,0.5486506702644088,0.5560373528333172,0.5684453120941704,0.56412689874848,0.5872431882325249,0.5827880287326006,0.5791894115647839,0.5901059551316065,0.5945276781235475,0.5927061672468801,0.6012229660993439,0.5994508935437035,0.6138335465602713,0.5914495912391167,0.5944475139756998,0.5995804758233335,0.6048090656471674,0.6075523350698612,0.6144032381497373,0.5945157346279454,0.6004872504482038,0.5952416671264542,0.5941227600420624,0.5921110660917053,0.6323454665367484,0.6259635245849298,0.6195100891373201,0.6841935195760892,0.6455087458919327,0.6389866278721645,0.614866713586231,0.6524935443704808,0.640860874177742,0.6343906150958842,0.6383311429899136,0.6588066702372868,0.6633694939756255,0.6444115389240369,0.665212853451592,0.6551571137653512,0.6447972754318876,0.6601219383948349,0.6481545180086602,0.6572624506392715,0.6420205301445868,0.642978578178929,0.6610287506828751,0.6625619469334311,0.6423314165114493,0.6691240667893266,0.6687369136528827,0.6286472164567908,0.6790278854606759,0.6582916472576196,0.6760138599615552,0.6737218226473776,0.6642324061576207,0.6769297382083882,0.6378168328944542,0.6549099250166076,0.6964832946735252,0.6573404976194973,0.663828866174599,0.6539230863738945,0.6445375473453245,0.7193340421644272,0.6984390431798747,0.7008595846636468,0.6923142517858747,0.6861661579660054,0.6907264579413781,0.6877950224004613,0.7045579639742627,0.7107957628193543,0.7135299116899748,0.7044627836813825,0.7125141004610992,0.7157825519768924,0.7020484471717474,0.6919411533007039,0.724001890077556,0.7046478985503428,0.6959649428934395,0.7016211954876601,0.7006944247260357,0.6988715917181946,0.6653878242425678,0.6913903713137874,0.7066131764213339,0.7110787668777796,0.7253283511299269,0.7167975496076173,0.7079552555427163,0.7297344422562495,0.7334737220734359,0.7360497848908579,0.703866890416213,0.7230347105862708,0.7143949633998914,0.7312765798518066,0.7071997711662519,0.6958293819824923,0.7102161184398477,0.7099332170027626,0.7219096004068034,0.7297936325456912,0.7326044099397339,0.739660017661447,0.7047093621739527,0.7343138073056273,0.7587758464850693,0.7468145945084876,0.7228681791095724,0.74247558962053,0.7439726621665794,0.7301420357135726,0.7390020471271609,0.748821760245561,0.73412341478895,0.7428536176091989,0.7737067397127357,0.7180767600067643,0.7613421789324122,0.760784040492111,0.7456369131761916,0.7468449882933713,0.7405621528054543,0.7459565293240358,0.7532722723024717,0.7668435910294442,0.7404624235262837,0.7664561431567677,0.7536042091993914,0.7536379732471393,0.7680952334997079,0.7437623769507736,0.7563255526641133,0.7706703528194282,0.7717435627836192,0.7874340617664106,0.7420564571550549,0.7783493704931205,0.7874399903516016,0.814483501516952,0.7995705152823015,0.7942817177743838,0.7600175663782971,0.8226458555436327,0.7703864829084446,0.8132172517277995,0.8065680839343559,0.8224806702032701,0.8203350779711716,0.8274025251554294,0.7961021599540469,0.8094810001541353,0.7466052223858309,0.7976654248609669,0.8298835729415136,0.7954868475165269,0.826963605408485,0.8285070866760651,0.7592225338889415,0.8281438947641568,0.8440175363291991,0.8146013388043036,0.8064569879529597,0.8284078564359405,0.8033057610400344,0.8066109886340458,0.7951864241783355,0.8320055033708265,0.8197423359500646,0.8344740024428987,0.8260869282403551,0.8378358464506779,0.8240364894256642,0.7982921769464246,0.7690143811299648,0.8044100881892728,0.8445398238657043,0.8352808227972777,0.8549460070829157,0.8566640812454216,0.8502226789029386,0.8615045333395961,0.8675701632541934,0.87254339747388,0.8508579936882432,0.8530798973804152,0.8578774662463283,0.8626682858034036,0.8593227053308695,0.8759729810004938,0.8623485545479115,0.871109581336513,0.8896546160049297,0.9117163339380687,0.8932787510696254,0.8976706424530317,0.907657799773512,0.8927071699188189,0.8822494378067361,0.885775463096932,0.87235290001634,0.8790920906495999,0.8704132587723802,0.8924882935389027,0.9128380772410328,0.8817970893478411,0.9263226590991791,0.923633355821281,0.9329044184998811,0.9173087162404494,0.939493175328556,0.9387647638228769,0.9448475399726892,0.9349753024840729,0.9324487564946096,0.9108925797345482,0.9459594526408219,0.9543984423922034,0.953236345908286,0.9615183529111523,0.962925059731843,0.9621260299297509,0.9381733625356797,0.9504275031231032,0.9253758086362347,0.9522289640487148,0.9454696891026376,0.9450511490421266,0.94729189531842,0.9263781877237672,0.9513822475630462,0.9590608499060846,0.9314514048163128,0.9397730051576589,0.956340855936733,0.9796732015548513,0.9242556570803113,0.9864059902664772,0.9879825563247765,0.973555370911381,0.9959941142970895,0.9652706054980164,0.9810184158841458,0.9970146491610667,0.9963225189250069,1.0036868874285179,0.9621534034707372,1.0161230534103627,1.022315605996011,1.022652656266607,0.9322558757093381,0.983337850022005,0.9710670848017193,1.0231539951151654,1.0207110347225807,1.0383932547122467,1.0130722443035962,1.030397306176499,0.9089852802973433,1.023100696780986,1.0158754515427801,0.9957601170618314,0.9823220611077745,0.9782430714826903,0.9948401214843002,0.9928454667240773,1.0273127891502236,1.004136883865222,1.024055828104945,0.9969799076714019,0.9897182288476949,1.0176722449955011,1.004336452806902,1.018610659942939,1.036818321343092,1.0467440382152338,1.0402354315558366,1.0531478775838932,1.0424289951647758,1.044402338227574,1.0529807422133464,1.030972241388273,1.0510079510325872,1.0278205119539738,1.0616666929802632,1.0348346129085615,1.0604562548298855,1.041015391512492,1.0647286042120487,1.0660006808709364,1.0301651590622598,1.0374229489850582,1.0408704488656422,1.027760408286871,1.0525971783125236,1.0378497905778656,1.0512605525661334,1.0493734029729014,1.0425379536517707,1.0405248360527266,0.9926410262015761,1.0259786370392456,1.038444045799585,1.0448641667081744,1.039141301412761,1.0155485928425942,1.0399762658667016,1.0486590433996128,1.0445546822521876,1.0518580188637987,1.0658786133884097,1.047882681305474,1.0600425317338977,1.0871915384790147,1.061876465373346,1.0665927121093794,1.0950148090279628,1.0891351021124727,1.097220591749557,1.084150574681946,1.0683544511302943,1.0995906192908753,1.0952169522006772,1.0952152422092618,1.0998952935114863,1.0723815028834311,1.1268562313879722,1.1225116565506499,1.1065192938657635,1.1074827158953884,1.140640309464068,1.1295204588008776,1.1512815964148368,1.1576207834205043,1.166539227987584,1.1487683526796835,1.1762671634155808,1.1033276340285505,1.1609260648215938,1.1805011110514008,1.15219854221333,1.13760355982864,1.1719431963436486,1.1229232077863944,1.1545868989152732,1.1598428143411963,1.0991748768573972,1.1528754240440318,1.172143610586856,1.1514369351325926,1.1659906464447092,1.1681816833271523,1.1640244206017447,1.1559357615981962,1.1753375220733744,1.1789206072195295,1.1725265959509148,1.1614708548432662,1.1805356348750171,1.1640809456978405,1.1998257236319418,1.1352277220389242,1.1814119174757485,1.1813342605850234,1.1846109143993393,1.2074114998773544,1.1784959941518405,1.2141204699465593,1.1930268363777676,1.1513277434662255,1.1885510818078686,1.1955879322028564,1.177817563541478,1.1734666531541231,1.1926573233610522,1.1981182940021347,1.2190477681014218,1.19614394243996,1.2165607538366061,1.2154011295976246,1.2283347435480172,1.2022138057461151,1.2374285076687805,1.2260433670294864,1.1957064340862835,1.2295437182007563,1.217474696497911,1.2379123898162967,1.2206000074454528,1.2209169984287578,1.238858573289202,1.2289756070662434,1.2192126021240646,1.22309649944982,1.2252057612241642,1.2376788238107728,1.2430072570311026,1.2350073941614659,1.2543051555308868,1.2428671879409519,1.2420976120961706,1.2477797560384731,1.2526275242227056,1.2593722227295092,1.2511878241664331,1.2638669473886461,1.271004884971892,1.280753417079819,1.2606880190831555,1.2678455515391516,1.2810061091314964,1.2815257171368117,1.2913494700149368,1.3110587996776755,1.2752208946842805,1.2833882662516163,1.267280571276319,1.305724178907211,1.2988830782366205,1.2751435442657892,1.2950357916787048,1.2761419788397312,1.2781920607973978,1.2623007592271558,1.2337176897130684,1.2741713539522592,1.2748899455542968,1.2591683811342382,1.2643325966612238,1.2720602439799304,1.2786392829729767,1.2498067684320286,1.2351671808882838,1.2411308902661484,1.2472837392596345,1.2561136967116768,1.2491874433456447,1.256948142309278,1.2610065987133663,1.2605861452275602,1.2728219461501775,1.2649930205994984,1.2549342171778657,1.2922509530216209,1.26392655070044,1.294575217500211,1.3070319349595585,1.3136785147841623,1.3298916959096558,1.3096195953664713,1.3099484437979272,1.31214713785104,1.327862552343599,1.3338642432029804,1.3458934848874304,1.3260601972846868,1.3695827583612834,1.3442161201175877,1.3141189207357313,1.3744491139776693,1.3688535790520715,1.3865305653610613,1.3660759074606295,1.3847595173138827,1.3539749272745845,1.3614069624274518,1.370193825190083,1.3643287427068347,1.3567766626951714,1.3828775907712603,1.3789317329877044,1.3976389685363322,1.371250729319582,1.3764136459711234,1.3864183602741107,1.3371614136095897,1.38154278789206,1.3850396118933213,1.4628880540288918,1.4199787841515836,1.4234968866346547,1.4126924278006587,1.438549333728051,1.4304614433714358,1.407207714946269,1.3967332620499338,1.391917261364917,1.3979488251081533,1.4016894630083598,1.4255940970279044,1.3920248652983067,1.4088908358357213,1.4159338798895078,1.3827271759738737,1.4159419222843734,1.4120137345848844,1.425830469244908,1.4376514609409599,1.4488840794447662,1.4464884905205924,1.4394747495957096,1.4494090023795294,1.432431722027722,1.434055229982353,1.4244064245103263,1.45186916809143,1.4741022058994153,1.4598709277270192,1.4755060437921486,1.4473766859832076,1.4207762881353816,1.4245867829023684,1.4562266754035837,1.447069019467932,1.4559612563093935,1.395801918897526,1.476510888514599,1.4621373214625755,1.473685677873665,1.4506876557068715,1.457727948817335,1.4751768520177584,1.4751468386065967,1.4492688355492118,1.4521550501295533,1.4738574139018923,1.475293578871593,1.4778858684897285,1.4775185014370056,1.4923408983176023,1.5061723381794898,1.4902849634487578,1.5335055303239828,1.5294706281922652,1.476367915150796,1.5178314270298257,1.540735312702451,1.5369872058554628,1.5460518697977284,1.541131417479424,1.5146887855793743,1.531763506973592,1.5224740780890056,1.489486664370242,1.518710118671586,1.5249570482094164,1.5287719208908936,1.5044168954951207,1.5437029694774536,1.5311346776184982,1.5055001772577967,1.528514177554546,1.5249830632702477,1.5178937653069442,1.4902276867564606,1.5298019298954915,1.5258041149706867,1.5293914005388158,1.5292082798634197,1.530617510356434,1.551747425387855,1.5434282014695904,1.5439931929431798,1.5412082712476036,1.5639160613116134,1.5823067674795854,1.6000507301149418,1.5741841703919885,1.5825484765799336,1.622235495432861,1.6197681196895175,1.6107541513247576,1.6065886174591555,1.6502511864837583,1.6114396501774704,1.613651090905682,1.615718059774759,1.6108356111586934,1.629670160136461,1.6326908971392675,1.654603223355351,1.6649789922004488,1.6309345400254294,1.6511941215458827,1.640889554209003,1.6648975022745451,1.6576491907955748,1.6383969508794989,1.6397535420644647,1.6291829816392283,1.6320332256672758,1.6335295210206708,1.6296856152815613,1.6384743837385707,1.634105342513571,1.6499217901210537,1.645526039632207,1.6505477442765917,1.6190778244195827,1.6232558701410762,1.6280784283615752,1.6348225496377402,1.645665800996179,1.6312384108998748,1.6384837945823814,1.6215727178199502,1.64181756852294,1.6397864248687997,1.631049109947865,1.6217751402767986,1.6340642175336775,1.6261565928345254,1.657046332113596,1.6552202947979149,1.638612938960232,1.675828469956681,1.6666257882870825,1.642379754663225,1.659254035518214,1.6689095309940034,1.686749287411945,1.6709430755804453,1.672974986947725,1.6945500693923616,1.7027961170449892,1.6883933296990634,1.71592491435796,1.7083239550047598,1.7395686246569002,1.7513266855841914,1.6806343190942254,1.731977980772394,1.7363853563320486,1.7267542247951477,1.7153823402770398,1.7203634905072707,1.738058461716328,1.6864492039538532,1.7324298980702477,1.7360380126885926,1.7203444973280657,1.7037368704194404,1.6929043613423638,1.7014985797522877,1.7137492936545817,1.7088415086897055,1.6802181435617336,1.683470255990969,1.7050942617825897,1.6891931264057294,1.7204701669576539,1.7163465439611851,1.7165524671916186,1.693791416839496,1.7109567524018363,1.7140954943742788,1.6963402133390957,1.6598424252289783,1.7044531732672192,1.7050789576055398,1.7193253554113195,1.7262231566336652,1.7120037309390712,1.7207971728678526,1.7393867796095304,1.7270039496267455,1.7293387914062486,1.7309947025522334,1.7501237995712773,1.7583313618123504,1.741562034584485,1.7626018219056414,1.745920494206425,1.737643158770389,1.717752918316899,1.7464669546500757,1.7525773799921642,1.742105680283273,1.766394595432547,1.7553968243863027,1.7867777605836122,1.76983131104585,1.745457168387572,1.7704349298241155,1.7734683730802103,1.6978648925132658,1.7398151854624349,1.7806683819751645,1.7879222706249016,1.7777056466953909,1.7764242922633842,1.7840882555412545,1.7923860145433657,1.7946895539898122,1.8156251601629305,1.8124711250085672,1.8053260385757504,1.797090007462296,1.805661441495249,1.8361722059007688,1.8211458774599631,1.8362668106379691,1.8412493582273664,1.8566335062452135,1.840143585676744,1.8536467750657974,1.8634405275860595,1.8543965753607403,1.8482093342458719,1.8455179397817114,1.8596460882351866,1.8542177326725358,1.8658557387002133,1.8507867850223911,1.849572617041807,1.8639539606678353,1.8698634745267149,1.861551076425397,1.8667410403241667,1.867085948681149,1.8824082688167032,1.8733386695746232,1.8679355375040583,1.8747770324109363,1.8867101973383384,1.8819712167321634,1.8696005253370558,1.870943878952752,1.8685823555913683,1.8645267183125345,1.8791048562659065,1.900572687852206,1.8880814299163224,1.9003138604918528,1.8825170837188656,1.914160996915887,1.920234274336944,1.932131760813838,1.9867080652931557,1.9326446123564254,1.9297390081167658,1.9251080796133992,1.9171445561101152,1.924733937123795,1.8996675349892294,1.8879617217549722,1.9238979865706924,1.9319022278908795,1.9266439442703711,1.9293979088026916,1.9159557497227475,1.912896073835426,1.9123921023406203,1.9031465816145712,1.8912342461637177,1.9098279033152634,1.9095915280594453,1.9160119236993438,1.9363482005492525,1.961790754668125,1.9656071152797647,1.9513446305297444,1.9723392344933228,1.9683851648890778,1.9876842758197248,1.9618174164890791,1.9524174647942911,1.9648365109383057,1.9733357705175953,2.012080309160445,1.9976657273077532,1.9898849642410779,1.9706085879417472,1.9940484668750305,2.00933989692493,2.0125621682716313,2.0015538144910243,1.9982445789249343,2.0326405634898608,2.018103716388205,1.9922591285563096,2.008133214798793,2.0272605648404123,2.0034818438757127,1.9840772541112859,1.9829395724757684,2.013149257262888,2.0518043551584895,2.019719869793051,2.0269174413834454,2.0407482675902546,2.0104725659835854,2.0230871818564844,2.0220954407338163,2.0202426011190764,2.0222269051231825,2.0445344012382463,2.0657289471687044,1.8807566325535388,2.041104131469626,2.086935726820735,2.0563476719678464,2.0652239858913224,2.070384135236545,2.0585424087034823,2.067565689962345,2.058513221091032,1.9986942887427006,2.0625071889017015,2.0679710427155515,2.0664964030932604,2.076351889882349,2.0856719722447563,2.067395976668912,2.1021125782759724,2.0754308735826386,2.0717478960272815,2.06760509467633,2.1006548803175233,2.0736442866596776,2.049824588423714,2.098408918998782,2.1089941480634558,2.1046962513034666,2.091381013438624,2.119636237325021,2.125011946136024,2.1238771111009744,2.1446915284132713,2.090630837921904,2.1098133432826884,2.1138549742673174,2.106283830140915,2.10234877157834,2.1106383288964055,2.0910724325779726,2.1357657855337,2.1301799184239076,2.121390012617989,2.121567593093741,2.096653075558552,2.106421297000705,2.0809238792687457,2.0957794117761117,2.1054504822849203,2.096800898385426,2.1205648211057975,2.143513469759622,2.120834904716765,2.110836635697417,2.099809639314374,2.1566148782956858,2.1537276147438744,2.170831700857814,2.1658025426332914,2.19787669285432,2.190098122547356,2.1556981092096694,2.194461855410533,2.1672735510532415,2.2174449625843993,2.2017064913435216,2.2102483850530894,2.20680928914999,2.2042496350790604,2.2013691832159155,2.212186504411884,2.173172273175908,2.1907170592144496,2.19135380823495,2.1982101658068105,2.17446027945211,2.18743498905337,2.1931794846777746,2.1898239364447893,2.195916830517547,2.1774643120359816,2.194146322293817,2.1942564555325466,2.193542073393355,2.1660738308403125,2.198946517326212,2.1885202153588765,2.1767366446599565,2.1783454363549732,2.181126888411627,2.1771580394104775,2.1866409197277825,2.1869473546991545,2.202186599847632,2.1997125582362402,2.174225447660726,2.2062841421373687,2.1393531389795153,2.2158674257624718,2.202131785172314,2.20715919731054,2.2138491538167435,2.208634872628112,2.200584625478855,2.2306001618603575,2.2093077114825057,2.191067312620256,2.201629343570402,2.2292040062931586,2.2396037251550793,2.2516366039369133,2.2345745910027324,2.2375994231702587,2.2498356787955553,2.2122793769195037,2.227089363449162,2.230720679312483,2.242585872033836,2.239426020430335,2.233123174227745,2.2367061322382837,2.2492353440114443,2.2521780336564485,2.253330014010105,2.2427995006907655,2.2517253170929132,2.2575981044350395,2.231555075050508,2.2463361385999066,2.2782133600124608,2.2572945267768065,2.2802463091659173,2.2692936510657407,2.2972838532411513,2.2508442676991613,2.2585257118359605,2.276446729095338,2.2783271091702386,2.277241189746388,2.278877842431655,2.292239092652927,2.274899445481813,2.283068268267581,2.289866998458047,2.2904757926232078,2.2993454735425045,2.293427703363101,2.2801383181011965,2.2802265851161025,2.3053276796867923,2.288648206348648,2.303921217049045,2.3261056489320193,2.3229153150949564,2.319900311603497,2.331581527612911,2.279248999066529,2.3279645533124187,2.3359814827259617,2.210348093532117,2.329323176716328,2.3403795864465926,2.3409511104362597,2.3108965758499096,2.3236360724365306,2.322725255539181,2.353707988742747,2.3348130233204105,2.3337700045640584,2.3590428830484074,2.344565509486042,2.3355225888064943,2.3496647961299915,2.3431555591991646,2.343051384322678,2.3514013202227604,2.3392901852503765,2.36026398619402,2.334212602315352,2.3560387171936195,2.3067898051698914,2.3608823261272622,2.3552648709196062,2.350446768978316,2.3611230189644017,2.387541629469758,2.39914555424988,2.432769741298714,2.3753704932360726,2.3964503993992166,2.4060068966440067,2.4281656938466774,2.375518448371079,2.4014192896615345,2.300323130077009,2.4065902141907505,2.430396982079164,2.415537390140118,2.4369195742637473,2.4339628553051007,2.4231930193223894,2.4540767763585705,2.4312924133510534,2.4164308349525667,2.414523868137583,2.423403016572296,2.416272247630277,2.428642745791005,2.419171013565679,2.4351666960401315,2.426737580130059,2.429327692061754,2.4279726759655933,2.435247264175095,2.4293181425462915,2.4519603782229877,2.440694808451501,2.4483545130128945,2.4549535069051256,2.4471211536414463,2.462943158763018,2.4355342873689887,2.4670485146227334,2.4594439131609183,2.4531699808850034,2.456687336640114,2.4779248700965266,2.4597736730403343,2.478108865256419,2.469459426432725,2.4573697583168355,2.4570732898125334,2.4841951283279804,2.4742407544967953,2.5122075090054263,2.4622459566952895,2.487272801785927,2.4653247263219087,2.47291716879957,2.4458560584925273,2.441930749857706,2.4669824737286894,2.465640225807496,2.434331034044827,2.480147318723337,2.476024286620614,2.4720542100337175,2.4851052020609057,2.483059263611571,2.5005996776290464,2.4843282668677227,2.4737013059362996,2.4608960814394134,2.469792124385034,2.486095302235615,2.449909631869518,2.457934290525631,2.4607697810590112,2.4473068719333493,2.4960403795407116,2.4776344882602688,2.491290652133832,2.472353342832349,2.4729758253269356,2.487369096680935,2.45291639338358,2.473299058434949,2.4760745939440856,2.44983107215748,2.46644694395963,2.465185336268055,2.4780521676265743,2.467224788448314,2.4663698427344847,2.436932188727379,2.424818774446996,2.479920429001298,2.4593958772530145,2.452759219098506,2.4226114637383476,2.4614646126109063,2.493452844812319,2.460434226590699,2.492184461365867,2.4978455284450547,2.463302214157898,2.506629290628301,2.5036212720933317,2.5066679307571516,2.487916931680888,2.5073124053126477,2.48867539836412,2.5257125572705217,2.505539273748432,2.491089476691381,2.5129375709279964,2.52105675908164,2.5202176947061825,2.543758840745988,2.541858100762495,2.5411365929533885,2.5101267867360293,2.522342746545072,2.535264453678461,2.5600207123248913,2.5638962003264134,2.588136002437122,2.58904960344706,2.590574881236218,2.5801126325902852,2.584781940826038,2.590104167631832,2.6014313819910035,2.589754293409433,2.575845035575782,2.5621773969269572,2.6047377486264605,2.598388956122216,2.607715621093466,2.620265407823861,2.6341450546024525,2.6212222669199754,2.624435534568678,2.625319824557215,2.5838838178908143,2.6043738249710913,2.6230426490907273,2.612282181128701,2.6117033169908406,2.6029153581635684,2.626607779907256,2.6211954759698988,2.623243164395337,2.6292054004704344,2.6389757121163906,2.6409448969283758,2.6273402687890166,2.6232090790518634,2.6035584328039096,2.6163019983836806,2.6307453761803674,2.6211743910732266,2.630152454080064,2.6427040996981366,2.5924890281855952,2.6175952694517086,2.627649785806942,2.613718632245276,2.58754603653926,2.613428000830135,2.598623544254455,2.6036983688253934,2.5806642796506365,2.5927756335020193,2.6280791994675963,2.6300258474967615,2.6119682395993165,2.6280940714167027,2.6214750072133866,2.636957044138819,2.619599240879815,2.5932961903818725,2.5884444857710434,2.6056649900808306,2.5960802603900017,2.605258176183196,2.6055798221750335,2.623118476972429,2.6411288135501336,2.6343903059416767,2.633043775332872,2.6155143149915614,2.635562235279522,2.635246858163039,2.615490692847024,2.616426271171889,2.6245566422164575,2.635376191500106,2.641687788816337,2.6560054821334007,2.678466960173538,2.6837620064475693,2.688174850697608,2.6812568696475023,2.684403607368365,2.704995949896489,2.7241330116170785,2.7089398715972153,2.691226818210459,2.6981757699967353,2.688445908711035,2.656871979394911,2.688843150501626,2.646852243477149,2.7116178392679173,2.718636584258839,2.7142272440937303,2.697922337069781,2.7311689283122536,2.721512119636364,2.772736168500599,2.740733186897621,2.7428589446556813,2.758971806632132,2.6102499376266497,2.7763541762702193,2.7984357991232387,2.730676773785344,2.780292241418561,2.7886634542817474,2.7488105530350806,2.7829189797825022,2.7592617808440894,2.7809294183184847,2.784024960730108,2.7781945525286975,2.6958946792843728,2.7817790330398418,2.672459009665676,2.6827506465384476,2.665390377170578,2.7649417905423768,2.7713801137461176,2.7578650720750733,2.7676736432435547,2.7540658480647044,2.7847025838883326,2.774067163554233,2.7782349669160116,2.7572775342161076,2.7666653200216835,2.79344451877535,2.797017840986391,2.8020446684395317,2.7887356186508985,2.8012243208029908,2.7990469359519796,2.8016742516131274,2.8044009822614795,2.813685394146687,2.802667584818508,2.8062638067280647,2.8072176179396497,2.799495324026106,2.804360252596021,2.790340722458783,2.8040175305762642,2.830426049134408,2.8381288250234276,2.838821522044585,2.8236716115875127,2.8468405629278535,2.757617214773104,2.84129607563946,2.841060865388233,2.8167018882746357,2.8051236261714694,2.8398292288379166,2.8062569479743535,2.8136030578009086,2.798248141071286,2.845936993188454,2.8277910958005315,2.8291850910653245,2.840660437289302,2.840244296768331,2.8354104712348436,2.83934755343434,2.849756773673107,2.812763789908971,2.8255208493610833,2.721091793446624,2.8298243615224097,2.839421841085445,2.8428430189694267,2.8219498568536006,2.834617815998204,2.833585629900661,2.8418742267689856,2.853166452637566,2.8638728329068117,2.8557973126178235,2.859197548558703,2.8447319994648312,2.856307331066177,2.8426414917510865,2.8270375849766727,2.833428928101055,2.865430471669725,2.8162688398432176,2.8383054617653958,2.8369977667828756,2.859742878523753,2.8470905789258607,2.8794909192394016,2.8350344167434094,2.8764237901043748,2.8697640127386395,2.88085795324029,2.88403626884228,2.876419169912374,2.910118878706107,2.8743801333741437,2.899399306409971,2.8909876514121216,2.929532065654148,2.916948874091434,2.9056708045661948,2.9008715769118125,2.893438183980928,2.9141389966035445,2.924589605525642,2.8667368961304476,2.8824200087729723,2.8967377130957463,2.8805609103265897,2.8882369914008716,2.883604793190557,2.8996058758436707,2.883493721169157,2.9001982271168405,2.914916311156359,2.9320088536817055,2.9233933465663138,2.944267014255337,2.9296186756124714,2.923864642058257,2.937722246598897,2.9377941462681503,2.9377384982221666,2.9221516376985113,2.9259568273113223,2.933487602228242,2.9332056748604614,2.9667715203487486,2.9374230686976825,2.958306126501317,2.9553763954291896,2.9446240259316436,2.895548110455262,2.9459360757097888,2.951696339029109,2.9743622891023347,2.9684030792405567,2.962989618842985,2.8992631615657247,2.989731751985704,2.958601877765653,2.965946653248722,2.963770623297306,2.9871282154119867,2.970595384227886,2.9681905866844027,3.0003743068429185,3.0054774724347992,2.9884666103081026,2.98407179240053,3.0144397295417273,3.0208915257020323,3.007331886722397,2.9885224940197013,3.0065978553227755,3.0000306586917174,3.0223505016245644,3.0358666313714537,3.040193785306497,3.0223880162573367,3.037556671106163,3.0445103998271876,3.0086958677843705,3.050204596423348,3.041854545124343,3.053655051899465,3.031228484841543,3.044846219474562,3.005647462600538,3.0442614817817146,3.0462024679344775,3.049497654572337,3.0555037301346597,3.032690664897129,3.0524524039461305,3.0513598293139546,3.049972589108775,3.0695361535363874,3.0668055491078086,3.050060895760979,3.054001683771059,3.064281259485179,3.078238060112062,3.0832727436870617,3.0600121164783367,3.086126319071098,3.0679529994531918,3.0684419465152812,3.05824822628659,3.041114237945085,3.0449926007077095,3.074704055450596,3.044454561556895,3.073879612338331,3.06656787214775,3.059548141038843,3.0753780560280353,3.0902466330171037,3.085209947014688,3.100408487124875,3.066081734853532,3.0480211911286585,3.095137341316703,3.1168208489096934,3.082480109083253,3.1042907718011947,3.0966248337083186,3.094772470502211,3.068107610867218,3.102876785327342,3.029288482343452,3.0629086495636484,3.0634070863327123,3.064939082788233,3.051564833111795,3.0446379930825005,3.0388652465876977,3.0246783759690117,3.0465892615946895,3.053111488088758,3.041782119606534,3.0190866674100802,3.060577783630874,3.0503612272664684,3.066839068197286,3.0764715649238985,3.0897265173274304,3.0918031298026403,3.0954541872513928,3.0948429497012317,3.1022521097094824,3.102258160734236,3.0839174440624286,3.0715163370356366,3.0992554872440023,3.082243227680196,3.0436026442563,3.103685021617194,3.112259168435265,3.090441523360898,3.104439417597382,3.1044328112815185,3.127504583652006,3.08068275119975,3.098031329734722,3.0831769372260682,3.0478318744032658,3.0721942214079125,3.0121674914767533,3.0614360482829595,3.0692723263831723,3.0717432648488687,3.02166757140767,3.0461542822140473,3.047093319686862,3.063866285779367,3.075185253595282,3.0505046918802914,3.0353592389735953,3.027463413306409,3.038683432174722,3.0619199105267962,3.0633277322937507,3.002842014211581,3.0892525158053172,3.026133327061893,3.0705314093300804,3.069058543297174,3.092274503936289,3.111736604916919,3.1023499785800897,3.0003789477881315,2.964458802507882,3.0961028105512813,3.125717098194636,3.1182995882717295,3.115326677544794,3.0994950345054013,3.167343153419758,3.16882308322345,3.1693501328953073,3.151674857715246,3.1243903604682925,3.124125543457085,3.1373394956737695,3.108284551741067,3.141271599669069,3.163526551986034,3.125516276158407,3.12055710123589,3.117624635345715,3.143699049226271,3.069883000665703,3.1046877944297178,3.1239921026159525,3.109651314478242,3.1105504419283374,3.1004500441921685,3.103997311881899,3.124101519289853,3.1540423695903512,3.142126021112141,3.16230059292452,3.178397471058164,3.164213237656425,3.1574672741468373,3.1284844755532943,3.1353537629783457,3.144772283476186,3.1604919941324057,3.1683107967466135,3.1759854169160975,3.2011553002129456,3.135497114794239,3.1445362493742373,3.1559927811538855,3.1466401349351445,3.165489126974302,3.1430696814373174,3.1397740639403993,3.1439623542935435,3.1390099857685425,3.134035949638338,3.1339611928318476,3.150653536140443,3.1622907917017984,3.1796712778383016,3.1713424966242005,3.1674986284764746,3.187894622052643,3.2278691149462744,3.20797622554738,3.193804625699789,3.222807756093339,3.137462695895063,3.227522641768646,3.1797839218373043,3.205172981512847,3.212321603081686,3.2226205781866337,3.2206865918545935,3.214638810703816,3.19189086847896,3.1927801589657308,3.2178626319526904,3.238503573856197,3.1953945522031275,3.2197228372411497,3.151197312301696,3.200860018477456,3.2314401226452953,3.2360929281243926,3.208939491681926,3.2087994808694718,3.209539122926531,3.225400492019834,3.201356117547408,3.2006739357912624,3.2059752818484055,3.230707686152767,3.253181848509459,3.236066105865678,3.254932078305884,3.251669562226312,3.24251071555446,3.2493329221254363,3.2591804525909978,3.2414867960359435,3.2235969633341024,3.1750159449919666,3.266510609143252,3.272645976527541,3.2739050428832406,3.267769148162263,3.2644379845722806,3.2150168964844013,3.2367881083787466,3.267538126380391,3.2546377922683494,3.2348853238323105,3.26379599492575,3.2484487426879074,3.2612069229595453,3.238259918644665,3.261138478190256,3.249825578161105,3.2880137264850764,3.269914674089387,3.2715517703468238,3.257308037461371,3.259526663281284,3.2672075769795788,3.2424764033756954,3.275069900064951,3.245526079632494,3.255970182216912,3.2776357185963736,3.3030631445384455,3.2954905715059635,3.281788906192606,3.2101856995216616,3.2676509491142047,3.2518480879628395,3.2105976630499,3.2515140571544627,3.238341732948574,3.265493294554714,3.2476119565926003,3.2381645486068185,3.2371996240995973,3.2790252652385568,3.244583244182424,3.2834475473163987,3.278062518540298,3.2708925010860885,3.2868517840219305,3.2840652259105347,3.2881748614257704,3.2887114335638308,3.315363268088969,3.3092072048287586,3.3130925572796452,3.314447300880679,3.3232599835083914,3.3130452788104536,3.3221397423050405,3.3454738356772076,3.3400353883815876,3.317670026552223,3.304384807484273,3.3090488890082086,3.3078046785186306,3.3066089937727106,3.3327139599832414,3.3468621063573174,3.3570451553068326,3.3470236392037007,3.362895505567228,3.372431158995872,3.3366938472072203,3.3757520105306593,3.336166320797845,3.3553784730562835,3.363770874403867,3.364420653162104,3.357619963342614,3.328835411061387,3.390285643526823,3.379565546065735,3.3713129037201464,3.3850502378394265,3.3779521121404796,3.350860932812664,3.3573220979254677,3.39701257170727,3.385563391893886,3.4058584881128797,3.3687415461499155,3.37434821229017,3.379550936566212,3.3554955892996405,3.337955128241014,3.3847775799204927,3.4168168564942607,3.4191860178389124,3.3844833088810655,3.3601397477757433,3.368616389968459,3.38333334482178,3.3893876864129044,3.313377260282666,3.390914698567975,3.385243351494505,3.3425585008740932,3.391105534452393,3.401086850931806,3.4076972605573768,3.4243492876499038,3.417515481296925,3.38826069167601,3.426039162245683,3.4471932425602443,3.44067669514564,3.431851541359906,3.466959447516048,3.4837425951425547,3.4404063565587752,3.453546591498364,3.4296762584498723,3.434586160695393,3.436155795186667,3.373308229659017,3.4728803851239296,3.4509965716348314,3.4373124415809815,3.462029389186333,3.4682410239771078,3.4563281275244804,3.468485010872898,3.4455090426810657,3.4834109520748466,3.4510609495311657,3.421800779354981,3.408568526518287,3.4760631700574716,3.45396473905419,3.4464238477166402,3.446832730633657,3.452547084611415,3.4552000481085994,3.411804590039779,3.409767885138887,3.426995228273047,3.3762894420207785,3.427297838341358,3.4301366514039215,3.4417396122772232,3.3814273332074953,3.4463654934547128,3.461949242266946,3.4438034456746953,3.4273952968225476,3.47362013758692,3.4050573450799897,3.4627041026683867,3.4436362006364436,3.4193934297164965,3.429875851437759,3.476842794605769,3.4104462880525954,3.4547463719357636,3.492764207482931,3.436964319739784,3.498159401485393,3.4545703986636136,3.4491752529031263,3.4655801567025337,3.448311956171014,3.4960493398712997,3.4739269279456253,3.4914061879952674,3.3252371743605313,3.4757522744479075,3.419884218392927,3.476473826614611,3.4847787047442536,3.46870387218041,3.4456670305534645,3.451694266271888,3.4643326330779542,3.4645686708832635,3.4676125295119022,3.4664732626623307,3.4849977380321984,3.4702184014762367,3.489824673411204,3.4863150422439393,3.4808400737803322,3.4595626844801126,3.4897757361763393,3.4586498926173634,3.4788458335650785,3.466440824894938,3.493070677764474,3.479596789072034,3.474321981600454,3.487858442655874,3.4683107801357314,3.4676731601255044,3.5044317915183303,3.497130416152414,3.512191056880832,3.484684047914277,3.490452252048627,3.482562503784945,3.512937643847865,3.5122899500755853,3.4965664442087787,3.4988545882503086,3.4716751530525,3.5412732425125477,3.5289240049141437,3.4735069992616716,3.4556765738840767,3.521403524325714,3.5177022909570557,3.5163345795147993,3.515925787803602,3.5434449416016935,3.538891439072161,3.5583997775390994,3.551599386466736,3.5425633251075768,3.5346641422546434,3.5022429607458423,3.5219341623826743,3.508152324778714,3.497077089510535,3.452360998129897,3.5457084909230674,3.53020751089271,3.5183974894961,3.5137305080227934,3.49772820497822,3.4912362385449067,3.4826866718364955,3.5334458695826334,3.5286747857611487,3.5010119126790213,3.5130133933045165,3.4967616232996717,3.5351316613993915,3.5521944693080765,3.574423527222243,3.5542392732573216,3.553953928615383,3.567299644124883,3.5474570827772323,3.5035748061702794,3.5637675689654533,3.537126841960642,3.520019284460426,3.5640268200138143,3.5386797727605295,3.5524556891319157,3.5243443867654505,3.5067983175507647,3.547259452654701,3.5536018180062117,3.5385504853605028,3.5046404567079374,3.525331869528024,3.5517118756746298,3.538853721812881,3.541783397842875,3.512524177003412,3.5306147643807066,3.5310143480497596,3.550944834245943,3.550934026458583,3.5086190700934696,3.518134645155765,3.5352591410717236,3.552847322645988,3.5188663316469135,3.535906437898843,3.531574686605952,3.5103878250636638,3.530613472367861,3.449362883942795,3.5603935057407985,3.521017267917049,3.4958354645698773,3.5232126112359983,3.53062559631721,3.5147275725884675,3.491612427174529,3.5030485387846992,3.5361745358025716,3.5392044840375245,3.573805704633269,3.4976706965144855,3.567632994800694,3.5010563910983503,3.5013883451795595,3.496421824858446,3.533300117519514,3.5573131665885995,3.5228837812505986,3.5026807628415355,3.5038986842352373,3.4822341824985794,3.5034750161252295,3.511714266696783,3.5355135126798523,3.5167218710162746,3.5329619702782953,3.5183298103183502,3.4564792588335287,3.51554400138479,3.5397294926134895,3.5475753676388315,3.5390555404788357,3.548513547197582,3.518103618744425,3.5235147261341826,3.5271071505334857,3.5229884111913568,3.509566739440899,3.510020236756206,3.563392337629802,3.55458047786049,3.5660315201888686,3.5532121109883024,3.578005358098366,3.5688610934774414,3.5629099733751333,3.5569284764436735,3.586238798416352,3.5948377060768717,3.6240987325427545,3.614319407418119,3.5907283436689137,3.612619008817504,3.5895708089386407,3.593588593805758,3.5970844579340144,3.6005324778064716,3.533812895875056,3.6110785842745314,3.5942428435335536,3.5465608842626257,3.5729985474012524,3.568461340236177,3.5798492402733673,3.5850044300973316,3.5880055919337486,3.6018161084418345,3.60798094462662,3.608506517732095,3.6107126552880318,3.5574002882572118,3.5917801922130237,3.6122674625910225,3.606742289551667,3.613163094935759,3.5910926689745923,3.61280494023372,3.5804677418182984,3.6226049340360684,3.6113946922330458,3.603791600259108,3.60293395617329,3.6169598815319466,3.63198718337429,3.5909879928408377,3.6244101040002135,3.6239991121039825,3.597221833709343,3.6123608743153737,3.6645725412355183,3.657454142817294,3.644162488652944,3.603287403339635,3.6744913875622274,3.6773483113741308,3.666048992010002,3.6475151020068677,3.6395501976734947,3.7054131884589028,3.6949295918221376,3.7045216024774494,3.694898590766852,3.6987889344868425,3.696046802333403,3.688755553831225,3.731742514423609,3.682061178687846,3.707232377991458,3.7125207669564038,3.6773866689736803,3.693025678950722,3.6320326371723493,3.6514893736270886,3.695345767507375,3.6890323521614063,3.6925400288010986,3.6043361788014794,3.683323845062987,3.707353352575506,3.6224135346711517,3.6666027832631283,3.661468964084453,3.720600692763826,3.6874971140658372,3.703574888681576,3.676266677321893,3.7016755450025958,3.691933387941698,3.691153964625375,3.7004661467762734,3.6622490927973854,3.6715645439118805,3.6823644658124555,3.670937987474412,3.7106746942810904,3.6971994487491013,3.6909587558435772,3.6728021933689248,3.7131697719434724,3.731316440267412,3.690959886822288,3.7484212956535936,3.640495441203095,3.7393513384427965,3.6920787658422483,3.7052565138094264,3.7425089126318785,3.7407220217237027,3.72317557633577,3.70952289014255,3.6895400283681052,3.7549722572519926,3.7515162537018822,3.7455254885558134,3.6933368014799295,3.745553307902845,3.7428538704726293,3.741615620414035,3.7330310755220095,3.706751946217133,3.7267977537820784,3.7364272907225757,3.7171723504018375,3.694059092086059,3.7409109872310595,3.7568402839574184,3.724702193840788,3.7460043690663913,3.780945842809053,3.7854421565725986,3.783700131215495,3.767869078813442,3.75591711620933,3.772452528362921,3.783328000757538,3.7819785145868554,3.8110780557889297,3.7706535430451584,3.7642553510156853,3.795236020622565,3.807743734894885,3.78690671136914,3.799024239646646,3.798217551054679,3.7899444551196284,3.7903848803521054,3.7689317998808667,3.795465953213131,3.7512589504651936,3.7668788144077787,3.781145720511926,3.807522664890756,3.788195297122233,3.776356219436861,3.8092413926847133,3.803757214750887,3.7356496415830294,3.843509502323775,3.8458220258729683,3.8576964173967934,3.7873742644513935,3.863273517767351,3.8329273101238113,3.834164037154852,3.809682865194288,3.808742185005784,3.824656519194505,3.826856571670297,3.8490061236736564,3.808938883798303,3.822312931573509,3.8332053184683885,3.825258617843082,3.8260042293094516,3.8537699342705656,3.828939367624704,3.838145506137301,3.8045379958623435,3.82147245318791,3.802715173760355,3.7720829246006917,3.819921462091309,3.7771743580698467,3.7955165056965297,3.8028050292717253,3.832716870886218,3.8393679671842107,3.807616502789701,3.7715968396191824,3.7277158074469012,3.7748859118895512,3.7819752054454763,3.7743094469182874,3.8155696318556687,3.8240002973619363,3.7456049921660393,3.774606425923902,3.7877287651868277,3.7994981570052966,3.8135403995562864,3.780498047554977,3.6946540954107854,3.7928167107278967,3.799205095084951,3.785101052048004,3.807312495049493,3.7622834468915234,3.7849206807534994,3.7765431983185365,3.785391767739213,3.7411486350530856,3.6813901348518674,3.7857524090502763,3.7648974725888307,3.7741241862276786,3.7812927312384863,3.8120435516417626,3.78976434978844,3.787135791830326,3.8276199910782798,3.793960832854946,3.7596202941412518,3.809792916420668,3.8337247212271217,3.81506251180671,3.7884682166939374,3.8215253282795554,3.8134632177752663,3.8327781943172288,3.8073338970544266,3.767988907611799,3.791617738455667,3.7890493734994752,3.7962628092324557,3.775661314608523,3.80130397841157,3.8037119518218425,3.812930616490472,3.847831324512104,3.825029789631012,3.8441805276393852,3.82544025491255,3.8124003784185714,3.8239262339643365,3.831656219507455,3.8415251150247784,3.8394300847329412,3.822392255068694,3.821639182649347,3.8258082696505515,3.8383699201991406,3.8591617362261337,3.832967842285369,3.855416658296047,3.804149715856253,3.8744670945070494,3.7905882247630585,3.8391801590603505,3.8489900248904787,3.8621831650747254,3.801358882499942,3.783867730618128,3.8442125875193587,3.8569813031192637,3.866116159681551,3.841412225715721,3.830133764486521,3.837298364079556,3.837882590554616,3.843843801854639,3.8361180599727414,3.8252368838154047,3.8614017297204266,3.8390652665850986,3.8537795566701463,3.810543791314767,3.8652411826587074,3.8384128650622693,3.8911692356726224,3.888785224212666,3.885241102806875,3.9028371617586215,3.936164831041152,3.9143474017235786,3.8818489600576,3.8922444008637056,3.846305974903397,3.8670551478800785,3.9064230495399226,3.8708440984112555,3.9565028857701594,3.956864589014537,3.9250834754198918,3.9787498816920293,3.9234037334658165,3.937298011403376,3.957233246372216,3.9568087255464532,3.939491941662797,3.9186979548669614,3.892102369236598,3.9367204189789993,3.9023064519277226,3.940685297448784,3.917465360956823,3.9405997161276116,3.9519854805416226,3.926251532052953,3.9666064076919656,3.9480857328417285,3.9788387516435124,3.929045820163425,3.9558054341651765,3.9173245849898257,3.9608459894194272,3.930557878422348,3.9480132006794144,3.902592076619791,3.89039643093292,3.8731889796338383,3.8975539168023245,3.8986275779501613,3.94432212451089,3.950345730999997,3.8757393926633803,3.930653954444013,3.9362019208061247,3.8696234538794543,3.9184761663291505,3.9463730576859124,3.932607713818353,3.9278466894269344,3.901550780627241,3.9177264385968216,3.9192896929538112,3.9025448536528016,3.930484477340025,3.8993421473795746,3.9235639243159337,3.88799994144539,3.9422410248602815,3.9364089476716657,3.9810381390800713,3.806830767894082,3.9085122222229183,3.917302839367289,3.971649712137037,3.9378984185662467,3.9476282598364354,3.8682385286309233,3.8820475607399585,3.9161847909129417,3.8856218302676133,3.9073415692798674,3.8863860399752377,3.927300105610681,3.9548537033645443,3.9493864843784197,3.9511266092447244,3.952694585504066,3.971872812908939,3.9180859284819536,3.9551318201337478,3.978353812730706,3.9522893290653904,3.928609924806997,3.922875588341077,3.94141001778991,3.9194838237573806,3.918902596557296,3.9384117778157526,3.9571206467914664,3.942417020180646,3.954700185114689,3.939671195311388,3.95663407423968,3.8910844111362928,3.928097616733942,3.9297540875996857,3.8883958759057915,3.932263843033991,3.8706785941016597,3.948955670919775,3.9561567080812043,3.936647750043783,3.891516856706824,3.9358284768960687,3.9339976525825717,3.9414583410387936,3.9489995096080595,3.9706529093876024,3.9526496486900777,3.9125436347921716,3.939284182617476,3.933589124935186,3.9413781645872774,3.881319810048652,3.9075941455068786,3.9195968953173304,3.929132111032199,3.936088182374273,3.9362678520642915,3.9405907193326977,3.9067440369660504,3.976582959228005,3.934436025740317,3.938765937256392,3.9131190955295647,3.959976381337052,3.9692570843447523,3.9723819860314946,3.978174021353654,3.956982560815748,3.9321411812366374,3.9182336761796033,3.931725091713428,3.9265640430138817,3.9230089987729433,3.96197600678264,3.935115505713894,3.908356125343331,3.9490270923174164,3.9423597177035377,3.9643504944960277,3.887379229296205,3.926055984050391,3.972778612167686,3.949223612991511,3.9254655515944967,3.9199107119440857,3.942229960238159,3.9280133871707386,3.9183492034730225,3.900490606330352,3.9509477920292824,3.964135454879158,3.973765749362207,3.984683225134134,3.987143493743296,3.9300178372538492,3.9729893179305034,3.9706090837170143,3.9693240259143816,3.906847628960717,3.9242478877001434,3.9702733708376075,3.973568805961461,3.93472701809893,3.9607650899716553,3.954857556427742,3.9799511653123774,3.976443487866909,3.971966121550734,3.996956036386648,3.9457335830409312,3.9303236451879786,3.9484534476874167,4.0012061247769894,3.9846891406230442,3.952943067219881,3.9660249613373897,4.0111843394219235,3.98392867505014,3.997411427191549,4.0237959799413225,4.044353956780821,4.002327285931097,4.007330839535778,4.03294415266382,4.05442709918098,3.9536432836178204,4.027342887470101,4.06198887412788,4.039947434021559,4.053784476396363,4.037826816096885,4.062749732724318,4.077725968783795,4.093362670603737,4.089698464435881,4.022180066964926,4.043643325530479,4.0866050327325585,4.069906308168808,4.069185694011839,4.034780700451176,4.046945569671253,3.988821333985675,4.061140391380002,4.0710827252927935,4.025231447359778,3.9836191442746487,3.9744756585827674,3.976195506433018,3.981355387594391,4.05217638878152,4.074794975820239,4.069437485627446,4.041157353610787,4.0526169468334805,4.045830394556734,4.042485014088725,4.076658694866599,4.0627120258225435,4.054072505154454,4.083792356049795,4.104997591446861,4.0848999797457965,4.09827991432628,4.094798307670393,4.08144953391476,4.063350109481371,4.04732461698004,4.086616700031644,4.0512882472217076,4.047643429206394,4.0781536438710155,4.003877035304802,4.045820556326291,4.041794791202652,4.055552668065747,4.019359554446598,4.03346366644834,4.077283007267205,4.042936772053854,4.0064388102487865,4.027119026455467,4.000203986469869,4.025502204296037,4.0388581580656755,4.031266494493176,4.045465882656078,4.0118325349192885,4.053793431896431,4.046629627993492,4.061837658966569,4.060356813535489,4.059955150978708,4.078651641186035,4.08062161143461,4.063262542486201,4.0751092194970395,4.076264760209153,4.068201402554193,4.058646792839285,4.060733480146927,4.085017209143516,4.074969383728822,4.048369991153998,4.027901000597086,4.0753813417684635,4.083271767789575,4.0651922558027005,4.025557393844449,4.05545712551307,4.065082732239479,4.060569368615145,4.049164230231518,4.067920433413508,4.107282313758362,4.105999367771371,4.075987851617241,4.1046412231522496,4.105704252968927,4.101189554597976,4.081739930619284,4.077510534999904,4.099100272071479,4.126588400055827,4.113830552324914,4.085141296099647,4.1018738769169545,4.068694594421804,4.125314150339115,4.082972311697486,4.097312203234248,4.059601524363317,4.091669197863511,4.061255474961429,4.087159495381472,4.061333265884252,4.081409851340208,4.097612372240203,4.092968957601996,4.09408676753267,4.1065217348462175,4.071249418286882,4.072236016711506,4.057493668889988,4.068634993713846,4.122800597694716,4.115980823103645,4.097090458767098,4.130890024337604,4.089703756208974,4.139046737563044,4.110184774234496,4.139149935224099,4.158416281358434,4.140075533228078,4.105232691510266,4.1395128225577595,4.165926673818963,4.135923113614738,4.148756712183501,4.1366201333035715,4.1482356951893635,4.120610344019377,4.162950306919471,4.152326639784854,4.1668230155724775,4.133260320637273,4.171501170739707,4.150400525929179,4.158546466942428,4.186654530840565,4.11361927665337,4.097215699533862,4.13916270123172,4.175104079322174,4.149760589567202,4.082448843940291,4.1383537216645045,4.152198444928493,4.1263896997444975,4.118907796894893,4.116755435761501,4.112263890126072,4.1455557503803835,4.144295724615929,4.126962157946987,4.158692757584264,4.1292784090053125,4.104966694247299,4.185229919856543,4.155940023521801,4.180509153557959,4.195524923559563,4.176281952541133,4.1905119211525115,4.215698259073444,4.183659638335403,4.226605308863917,4.171791643988459,4.164455677079659,4.1970954247309376,4.178652810245509,4.1753442197814925,4.144894741195432,4.099882231747963,4.121364126522527,4.139997072946499,4.1526505611308835,4.13350058537578,4.133190334073653,4.143583740059004,4.127770299238069,4.1442156104558485,4.158723677318791,4.123473643071822,4.11517614479492,4.1603077290939,4.174843058716016,4.124391044681925,4.181993967615008,4.179602679249039,4.179099941529734,4.160820073644859,4.072650963917405,4.170385459241368,4.198757130513738,4.209698690447201,4.213170654901547,4.175626914384826,4.191485502862446,4.1399927548106215,4.092636034501359,4.194660347048063,4.124485114910775,4.179147894092838,4.188701877095573,4.175176033769602,4.1851531996606015,4.165870094826794,4.173254443234366,4.148311684177876,4.165381702180774,4.166589237370694,4.086962926547759,4.125147600325863,4.160087268459032,4.1396500670713126,4.134094573928419,4.164747183699119,4.185033275026119,4.157358413673534,4.166901674386515,4.184544907809267,4.179493520462674,4.121205789005864,4.163189850714249,4.132185500796279,4.1701329319772675,4.195975127707518,4.1725752302101435,4.153980358906564,4.103769354492564,4.178850694860509,4.160967520658773,4.184006753201967,4.1829368448323185,4.225472677160977,4.186159445936076,4.204334965893938,4.218384782940103,4.20100294577886,4.193148629970128,4.202416413631966,4.182860326626292,4.218508655650451,4.225265163881497,4.224404949643783,4.224313047296298,4.2222161075312385,4.223321814631143,4.212375978040679,4.228001634546644,4.211071005744569,4.230633769418265,4.1961475530744305,4.216451759587572,4.220028392255653,4.149972483233779,4.229456681823476,4.210588892705868,4.194056708932992,4.157920812754749,4.220955497329403,4.227561128945285,4.239859482693769,4.182317993390512,4.2237847553256564,4.228818075228153,4.235937177601224,4.265837543103007,4.265320723843289,4.23646324773803,4.217349104835079,4.2645912448459935,4.248610697628763,4.298859345050746,4.241132017410084,4.299062165391099
critic_a_score_losses,0.008524373506734776,0.3040566471900544,0.025141325836380228,0.29999799944123345,0.025221298387372828,0.025450366491926755,0.2731504198103428,0.03172840617839038,0.038365021591321366,0.04259784276101308,0.034400305441526294,0.04889036445912594,0.06068641571994805,0.05170891991101596,0.042512171029062386,0.05058114237726838,0.23086859085822029,0.24824003222663515,0.043661165105668046,0.04205589597291036,0.035153587582703844,0.04030691312817569,0.039645947955250824,0.04242259444672775,0.03794119504953369,0.2491071821220198,0.04494754324153017,0.0482019270749606,0.04173214306223418,0.04429642247624564,0.04956665029794602,0.24909926324779935,0.04145281509116565,0.04221747244910587,0.24884364666423286,0.04652781842270353,0.045480052230373096,0.04627202398203132,0.04478882191410553,0.041545479074273986,0.04426784246273145,0.24872614585233951,0.03611743031411437,0.0465091153312542,0.04338598438696331,0.04331175037535159,0.04332114273022483,0.03746938305930631,0.03846238651869047,0.03813190334013332,0.03712443483758267,0.03387879289994702,0.2520042873279847,0.036616876977605434,0.2571279371702888,0.03634976215261415,0.039571632007925996,0.25207370653549055,0.24899699850332668,0.04190963866089152,0.04128596061832749,0.042769083897702335,3.68625967100425,0.03676371242869503,0.03942600935648013,0.04207291815859796,0.04446894329415304,0.03656953646293758,0.23282512635548236,0.0431854884937873,0.04040750413605875,0.041005665758092356,0.04005517061493304,0.044772970932956936,0.03820327533216807,0.042958976866293457,0.041161644562207306,0.24612804134164615,0.0441533825546815,0.043665519562627764,0.04824148624907303,0.04655185434219486,0.2516724029477377,0.042751217757364325,0.04436954291267872,0.044161494201323724,0.046454387104796255,0.23773452127840414,1.433055895209765,0.04973105965977393,0.05000441679152991,0.05138195531255112,0.044907037856304,0.04407982588214137,0.05015086814379736,0.050112635747159434,0.05066977972923327,0.2359600861942977,0.05289845628461037,0.21450014308415052,0.06102261028669592,0.06246303416733518,0.06446912715526962,1.384387295753571,0.05674941928968234,0.06395789113596966,0.06348521831279146,0.20920764917920034,0.0711591784613193,0.057462943806061366,0.05607111537451274,0.059270475651674266,0.0639717563559867,0.06765500042955859,0.2146949164970473,0.06143807281084172,0.21675573790210506,0.06029085121434666,0.05582928175208073,0.06574502679017108,0.0660964906210558,0.061725724036596444,0.0657228407805927,0.06281043398185174,0.21569915291118974,0.21737872410830922,0.20016041134850387,0.062393928923754484,0.06115143392695956,0.06517094306805603,0.06471555938946842,0.06159265716936782,0.06417511093145815,0.061317807572764185,0.20929192881402797,0.2048053591707158,0.21645977602038535,0.06115739323696086,0.05224705110351765,0.21380547259042265,0.05514625692954505,0.059879140588680956,0.05971548263679428,0.062417229016569854,1.3532294643386624,0.06361063158455789,0.06154497959574209,0.20361040053563567,0.19790650977181543,0.1977369983313613,0.2107335739077596,0.06464199423492656,0.1976617158183501,0.06724769718049609,0.1970068175223276,0.19375438940153522,0.06303555566398528,0.06485625025320423,0.21251029384928585,0.0648657133970552,0.06265545082939623,0.06497300831416782,0.06768967488221495,0.19745837190791737,1.3352011708575382,0.20967179600111968,0.06510535235546824,0.06941667593680732,0.18861495884008042,0.07342397442626615,0.07311060555876102,0.07682276816289448,0.06981534665381935,0.1885905341553706,0.07372846484289476,0.07851318844916313,0.07625260634901772,0.1788167416367633,0.08444055433857729,0.0747479016456451,0.18415100353312588,1.3130137488028728,0.07643675715575424,1.2825117575512452,0.0832467386353634,0.07624303281830687,0.07536222492463947,0.0783554727179579,0.07697421558539921,0.18428147795016597,0.07639853098298921,0.1775749946037317,0.07267801749054881,0.08761989623831593,1.2347324404937048,0.08747467462201118,0.08112108397673896,0.08785471654079091,0.08166093155194247,0.1745845338191406,0.15280466715712507,0.1805158771714147,0.08174685510301237,0.09117423703542285,0.09050984195637007,0.08414933339487206,0.09393567929527992,0.08291269200556589,0.16880879485054362,0.09586802341255976,0.08901417493014728,0.08796853353246813,0.08577966098424225,0.07719813671786019,0.08353044775260224,0.1761063883999677,1.2814665347800631,0.07929919622847252,0.0817035983825443,0.0802072278687095,0.07904411382254706,0.07721801702947546,0.16848988545522797,0.08980204272162107,0.17050914406773907,0.09086027721814434,0.08785952299737695,0.1644348417297561,0.08945216099586979,0.08716416816087517,0.08580101069242914,0.08209876349932498,0.09566141448317597,0.07256519920647876,0.16293448940767705,0.08274982108797035,0.08947300748123345,0.158452426376894,0.09337598648055077,0.08646340969705837,0.1622619971898197,0.09071891969508658,0.14994134107007762,0.10069896443761654,0.08970943738111617,0.09413634160717001,0.17688299058223783,0.0906255598698297,0.15941991877083894,0.15741715216907165,1.2101533342376083,0.16603007044117346,0.16267016175088286,1.2048352747550775,0.08864894953223218,0.09921362934405786,0.1618642468790912,0.15878073914493124,0.11337268104616764,0.10449382459183038,0.1424048690556515,0.10964980758688403,0.10996517894542812,0.11132328889200142,0.12044737587223252,1.1657343147414456,0.13941349459362368,0.11278042381176652,0.11584880795619253,0.11529980171273801,0.14010890674772705,0.14057684661989764,0.11452430749004923,0.11373372681895093,0.11174999613458049,0.10893263387184123,0.10780069267507543,0.1423763309702834,0.11096368597621066,0.10890227164506058,0.12114631804824413,0.11016351456136217,0.12970381338903447,0.12893445145204527,0.11064840335048308,0.13199130501692616,0.11818929763730174,0.11689664505876564,0.1307026518902127,0.12232309161307423,0.12328382529457851,0.13271799555033406,0.12673236165459326,0.1146045161674017,0.1254994751489527,0.11870730423841903,0.12115315107918401,0.12057313337215501,0.11435557314535018,0.1415990550813331,0.1343371462237886,0.13397359750224322,0.12250347947681459,0.11758410540873375,0.13290833741165956,0.11035148148637824,0.13725466734998426,1.0506213828962934,0.10328301293276083,1.0797523262489246,0.1421584495962174,0.14787950656984183,0.12201601114483714,0.15418624131180084,0.1515278492764891,0.15042348612007483,0.15455202850600255,0.10278227755024467,0.1488964127714468,0.14291528755169672,1.073284508708988,0.1039040815801244,0.10816653165362358,0.15909580358604047,0.146630757454896,0.15871050763926414,0.1448158848155569,0.10409596411702787,0.08801557715771888,0.1348715127125843,0.09410313606782407,1.0453985380861965,0.10417906261193474,0.0921972606249269,0.09768141033645233,0.1504140036930687,0.14340262126525688,0.09547208585161973,0.16536127302393888,0.15700131005629805,0.1558678554085259,0.1659189200197318,0.09538564392708795,0.1592283911627731,0.09839596983944628,0.15316480150907874,0.14737198577494062,0.09974245227406153,0.1042579209962028,1.053207438461975,0.15458876887294146,0.093119724326749,0.1591195789457889,0.17242728106275032,0.16982094321701524,0.1677301872343803,0.17411251914089276,0.17673158002748823,0.9902379658524831,0.07951156138330251,0.1796706868851723,0.07456226488110906,0.1749063094884591,0.17668392343594494,0.080167897670934,0.18289700294449984,0.07700758485455926,0.0743424313747041,0.9876930101042118,0.18029246897542195,0.9866729868888319,0.17649092699999905,0.1752977572941279,0.9352394614512923,0.195915167055394,0.9528761969968248,0.04986686653886897,0.2083407705114879,0.20415195529972005,0.0741638241519351,0.2128739127225763,0.2053513300259298,0.06683511116498293,0.20373332405540473,0.21701311437457058,0.2200295427687387,0.20763311574922277,0.2212540701986046,0.2146154218586727,2.77348993690653,0.8976366099854073,0.06189762159885911,0.05873451387089891,0.20609518056356815,0.20671072599849857,0.21847950461468135,0.21949416676210937,0.06396340780735317,0.054739441589017016,0.22360452984099152,0.0689514449226448,0.23053943461659843,0.2166739464245751,0.05248350946850539,0.05322872450827467,0.2206023446949712,0.2291169352354385,0.20340515616175608,0.2144535049426293,0.24254448987964428,0.05870776728582686,0.056505515608727824,0.21380770144637995,0.20771432496896322,0.8200526477794525,0.045469505339134735,0.044742494043802934,0.04733525982704306,0.049245840202909126,0.23855151985012119,0.04873597401896423,0.24820096229977925,0.2526153082209739,0.8275026440582018,0.8392083394332963,0.2538381716779447,0.04038977888038392,0.044387563916383495,0.23939127981555414,0.26208936841793673,0.8389685333650214,0.24218360086833424,0.044514955491106574,0.24548633842107506,0.04533915913716685,0.22137047832512916,0.23901032277270845,0.24965109054612358,0.2528165063522118,0.26305060847642925,0.04010181395412499,0.04264506638256006,0.03652173585127027,0.035518128412694056,0.2708846429189391,5.432246738047243,0.0383548857700154,0.25518008186556607,0.036106138268071235,0.2500657581687995,0.24208926441506862,0.0419873490060342,0.8321361522964207,0.03866713517295188,0.26629937305211765,0.2683546107315728,0.273548470863466,0.0435982803938569,0.269608383799843,0.029094546119497414,0.2788660192854384,0.2612692021845944,0.03315941097064685,0.27674766102561366,0.03641166044440736,0.2730620128290673,0.28036701430863026,0.2694685940706944,0.03306213098833806,0.2993110595384555,0.2578171166309061,0.02847877777836438,0.02861213764163999,0.27798720314545977,0.03204372997609165,0.27421615108392455,0.03226904249654475,0.7771650135049212,0.027180955522022533,0.03367987680092508,0.2937275096913738,0.030355442862128636,0.030347124112888618,0.7587946768630698,0.27659123668373237,0.029688618142224916,0.026296043537982774,0.02605050056535779,0.3100262008149737,0.2753238928027559,0.024564500780397985,0.735150888499262,0.01720818560470537,0.7205154738897998,0.021160005820929133,0.28881335060179464,0.015727246277925003,0.026361183615577006,0.017443897526058117,0.32527603701076907,0.01575655622574008,0.016139742103812502,0.3422974693167905,0.3168893245417494,0.018148744651134304,0.27870967904689803,0.31813506500931343,0.01446979937757266,0.7254259672528373,0.34193440233510025,0.3432119963362304,0.2882094279823724,2.358479470925103,0.35618280081560544,0.017186331786578305,0.3251864367090801,0.34312978830239493,0.3226500728600544,0.018699654858550584,0.3161607245987639,0.0141110754488447,2.37676174082424,0.3481734303765355,0.015122878264437695,0.3509844527988619,0.015481578526822191,0.31863519988693084,0.29569155919235135,0.7147176186117912,2.3230042854504447,0.3488470264664486,0.010520330430594773,0.6536085115571879,0.3614393018604447,0.009590497142741525,0.008768830830260487,0.008122592763750672,0.6602636753351049,0.3638726556572899,0.010099407300281773,0.3720982856654914,0.6505723452868433,0.38366433172144576,0.6471254056696132,0.008306370011624485,0.006088051884509761,0.415613336784736,0.612415961417004,0.4029062911610194,0.004263540971334398,0.005755875693414596,0.389182035255151,0.3922990855122922,0.008146891067119242,0.007309361271742281,0.637983102978617,0.005779383513088577,0.4166366776305529,0.006985964043321134,0.5763915161819287,0.0029159321715595357,0.4351553270283007,0.5861102079644519,0.0018305379159104303,0.4406396408977109,0.0015208969235320567,0.002114105643518908,0.0022815852495622767,0.003970066173181927,0.001460190379439784,0.0010397510281285962,0.0010934196720047405,0.4622587714924876,0.0006872755979437067,0.46284324873419197,0.44008462908575197,0.0012287162233049714,0.0027843849683479318,0.0011410359379294905,0.001486777403281499,0.0015096881107952915,0.0013890721495622004,0.576331897897651,0.001181842926010462,0.5417771570991214,0.5708980501345156,0.0018136454538696886,0.4572939163669016,0.00020658936751485042,0.5786129456618564,0.5136864082838403,0.5120896531514669,0.000349659203817317,8.023560132391352e-06,0.000603065421237206,0.48119856615191947,0.5029898069987491,0.5036842430085215,0.5036936839979731,0.0007161824344244039,0.00012997642563670393,0.00024899313548460133,0.0002565714179665236,0.002294633187954324,0.00013881362094459902,0.0004185567909354504,0.47711405862973116,0.47950343875705925,0.46234376629145296,0.5131576860891627,0.530859304287893,2.1861712790065906,0.47716612431489763,0.00012601498084358016,8.988303664686478e-06,2.035512132546189,0.00023668196925366212,1.3312173148390017e-05,0.4928710603972754,4.4184346267749115,0.5041454407692793,0.5243451695378524,0.4969844681502385,2.0206163997136244,1.9648116641305882,0.5043458552183754,0.5187838382746949,1.9270411517070778,1.907604426123866,0.0008094449762422075,0.5545602260297294,0.0009001098153462853,0.5453881220476119,0.0014034795227385309,0.0004796398683067232,0.5523088565668586,0.5282075023966645,4.3169013115707715,0.0006067251282446594,0.0018274793740280257,1.9188103481454775,0.5668235003136688,0.002178044937713592,1.940124650286106,0.463277289570311,0.5417056456608818,0.00038532013412688763,0.0013832315832197036,0.5385660939012598,0.552574374690826,0.5505922694334636,4.373290877795128,0.0008211311685501852,0.5073860510461068,0.00033744479120843254,0.000738972328720292,0.45614223001903503,0.0007660207381423057,0.00012087936969238648,0.5407753167830242,0.0011838512522827011,0.4564378776031091,1.8976285893326417,0.5680486092393995,0.5490290568899748,0.5618450845424058,0.0038011821911687533,0.0019143484835494372,0.002217294653041346,0.40949909793934736,0.003972533214300464,0.601946513479624,0.5876912342915969,0.002336165494661893,1.8057779071436193,4.218882277391161,0.4093177289652224,1.8051989478099004,0.0026195409798320758,0.00804625172097937,0.007504552995392197,0.612192473848594,0.005776267108124387,0.00988984832307441,0.37886731582311733,0.011443060706910788,0.012422155683046767,0.013867657229350227,0.011066011379513341,0.33926789303370675,1.7986830319198681,0.3520225343478881,1.6552881034425935,0.6637807403392615,4.096656690352837,0.6867254277280839,0.00755505750624855,0.6665354535733937,0.6726176769894534,0.004917828099839952,0.664560871682353,0.014816711332939544,0.3600296375285839,0.013776447353566222,1.6777791726490725,0.013452005276869027,0.3562222192744085,0.34003410125004113,0.01600629184390258,1.6698295212533756,0.013036418481907569,0.6968321926048798,1.6852993869748678,0.32013943628057273,0.3739155463649941,0.6978670593768623,0.33510679644593516,0.3324296804583408,0.021509765140686893,0.015930409964126934,0.3088033178785084,0.01862967978100474,0.3601222995050644,0.32922467341759015,0.32353938740883814,0.01580954295191379,0.3415786867241233,0.32590109876127027,0.7177437232112928,0.7430387304565289,0.3230922806379852,0.7400100338877457,0.30779769371834176,3.841064146911518,0.722659017363279,0.02818614812691209,3.8474177008005537,0.01915050417138442,0.29680144108195783,0.023647621808429265,0.028301152614050758,0.02433218164246692,0.3034851616686281,7.073092415860069,0.2972393072494339,0.02402708246500172,0.02488602403338175,0.02535881744427764,0.2905667878332634,0.2865190064537876,0.027614237655281294,0.032335556064794276,0.7723594234301246,1.5451104026989926,0.2829176477127695,0.2792828087747412,0.7930091976913323,0.28035983733830033,0.03481288296210127,0.03672182383931421,0.8201646576808164,0.03397912164674983,0.03587061973965615,0.03948221668461122,0.03962836470469807,1.4597433168091187,0.23731998875078264,0.26265237575112743,0.8235427209761648,0.8030000231672169,0.24100945787703323,0.044665547228098915,0.037851984975570165,0.04352305918574003,0.26198521739903,1.482311289750556,0.27210008491841536,0.7610296689554754,0.03758496566400751,6.9382224588662345,0.7927525060241091,1.506270667506385,0.03700838817720964,0.03881992500784729,0.031201710777226593,0.7628189823717552,0.28794116285412424,0.777858363110748,0.03279711282166039,0.7802346343062141,0.033011173918094515,0.7950688209993264,0.03395256954227954,0.03721590715058518,0.27011762988372473,0.032495727544045595,1.4582034037277811,0.798755162782756,0.0433872793826483,0.04713430454250528,0.8628756201027613,0.8843059614247303,0.047932146917448716,0.8579824627043056,0.8608650556853382,0.053746926614629584,0.05573266644474941,0.905714636331216,0.22709742884197762,0.0682957076389674,0.059242368674402794,1.4210975067106277,0.9445551834570002,0.1991729023376899,0.07470293897917085,0.06700578501156167,0.9587794603956887,0.06264912456952368,0.06530749624551879,0.06852173410443284,0.06636771638117148,0.9204214562171235,0.19042003398614205,0.07179462913253247,0.9766973431856513,0.9401642813297426,0.0708436164366371,3.4154044937561334,0.8940003230231982,3.4281590858200426,0.07412775136347972,0.10713267528132711,1.248233521265554,0.08967480649462278,0.9978499477826597,0.09616275905665875,1.0231099704861457,0.17570134660961195,0.18196537855845696,0.07679956987788829,0.9771304588106331,0.9823666753543321,1.2393769736566898,0.07684174750607776,1.2658141861437748,1.2546327364409542,0.07324004561446826,0.08650384135680987,0.0848776587432918,0.16483532502376128,1.0334208615728382,0.1518643789447214,0.09967598608367854,0.09656902776610585,0.10098422570988194,0.09349859710793054,0.16014674135516366,1.241247557562167,0.10209287253582049,0.1123864508193458,0.10574063508425466,1.1620409112571333,0.10007294958065875,1.0093026304638764,1.2409634023029548,0.10407138967490348,1.0470043735519412,0.10395033362762024,0.07832957950148184,0.1370204249218873,0.14464813048172645,0.11218906071131671,0.10155968150327778,0.14702948874692748,1.1625428163112366,0.13773542051232493,0.10092124329787237,3.2457569442901697,0.13841301045300233,0.13765841418669056,1.158415714671634,0.13649345817031616,0.1211997800780918,1.1157605416100662,1.1396197457944592,3.0417974844711884,0.14016957305915598,1.089831110443354,0.13407469340987282,1.0647267137968066,0.1071904237707658,0.14908632225479765,5.981885935573949,0.13245227300058554,0.1413862136744267,3.069067346870462,0.13031193292791096,0.13453009360614537,1.087875854813539,1.0822560303795354,1.1316350977255885,1.191509428986754,0.141052022884453,0.12776521460383194,0.13966361793807913,1.1627866716305542,3.08042568015107,0.1201615924312952,0.14034504246049362,1.1640390986307403,0.14012762748222446,0.14003070173799975,0.11015996079199622,1.2039600360989182,0.14765710507623686,1.0599779110978982,0.10524492518580622,0.15900066210260166,0.08723381824667656,0.07997970924079556,0.16484373076436806,1.0045844106229336,1.3158240013211502,0.19205626109174004,0.18651031668021248,0.18397487541550483,0.21141330276176773,0.0754895727271033,0.18828383068486682,0.07383630479163789,1.2973956830885007,1.3279124154195991,0.9347670913829106,0.0596494666582568,0.8911405456330648,0.0681046568731207,0.21202689196795696,0.06448015613810432,0.22104434426546438,0.05860203828146236,0.06537838256662178,0.06488875522754972,0.9395696489137582,0.9356665478391392,0.06715030598166948,0.9388807564831366,1.3422991530837445,1.3351501352156976,0.21119916663707747,0.20835193392162077,0.21160618379168086,0.9534730275048764,0.07096806969157882,0.1972412560865732,1.3363223844020207,0.20844216328801876,0.19923096569769957,0.06534698338977692,0.1931763217690397,0.9223297585864695,0.2046633347232001,0.9370132696872663,1.315077302809915,0.06695449844461986,0.06987944654054541,0.21585494127196495,0.21465681735753325,0.0653003039434805,0.05254359044531324,0.2221949708046871,0.06394611993736755,2.7395458351188835,0.054810449333305394,1.422561579292352,0.22508230533467358,0.0534726795809203,0.2411998994464672,0.2469611910667571,0.23694268818708172,1.4721991558571863,0.25086141261679246,5.315206376660849,0.7795925230670805,1.4122658572586555,0.2678958821678156,0.7983609838460419,0.26408585162879805,0.2558859463901272,0.818734798213368,0.03430668473920822,0.862707846896733,1.5006566758638444,0.2708759780612864,0.25944809741541186,0.04388592097443371,0.04715386564127074,0.04455154894495068,0.2547190270962072,0.25122814222074896,0.2313483614152856,2.683155027439274,0.24857895899936758,0.048300456336722454,0.03906846378034095,0.04022964156138194,0.25672371911919784,9.271716180842596,0.04177299949104668,0.2549661875428228,0.04610463301747296,0.2176960130660299,0.8392207901286889,0.24856816822905733,0.8200637726461716,0.037476879981817306,0.8294671945574362,0.03897710933929189,0.03395962532114575,1.4912713210131894,0.8072899535124666,0.2671766275797141,0.031219057770347603,1.5458645889664373,1.5165191601530257,0.2907807693869018,0.2781986918385787,0.7967723972996005,0.2575846258762125,0.7856725478921276,0.28318635643793516,0.27536042035434977,0.7608911470890146,0.02991535676015261,0.02273186169086971,1.5661514347791359,0.7869388581750645,0.02635006072242938,0.752189915917253,0.8477779190747444,2.5542176979331037,0.7433847973575316,5.158721669773744,0.02470738975555719,0.7485687562815801,0.02330894069760931,0.021551783478593788,0.3157657436102633,0.016997040782472512,0.705112414469209,0.7136229370525548,0.7234962250735296,0.32454517915610126,2.3410753612581723,0.01599439857478326,0.013404278649331327,0.6713515249042452,0.36691048201098414,0.6726334509234001,0.3643564082901181,0.009324244752986889,0.010600178633340286,0.35972953735091256,1.7029682330280662,0.00984961027384251,0.010626234733568125,0.374853080120046,1.7127058618067594,0.3608868158136324,0.009254262408984458,0.37833123215784437,0.3711351286448802,0.37562001549110935,1.7430049698812933,0.38932217643804556,1.7546988854618097,0.6407849736231127,0.007840395805905849,1.779837684370236,0.3889366135720064,0.008502011496185916,0.37927162014263294,0.3772176542223251,0.37370322333812017,1.7655175304210566,2.2037975194960557,0.39434431308110995,2.2043409422213136,1.7719352852466912,0.4178451641411242,0.0031812854952769517,0.43443480975895304,0.5133802724709698,2.1369791494094574,0.43220731160697373,0.0028043998695964725,0.4205770684012102,0.42756642723423743,0.40470083675679813,0.006276287896055131,1.8506917313653821,2.1385141975013537,0.4293344997264753,0.5730944188380249,0.0035317180023327274,0.41668962081206773,0.5914454695255279,0.4078368739410426,0.0059149946037873775,0.004065503510260741,0.41367837395875834,0.41953892217968625,0.00202577578665909,0.4625207278825407,0.0005914352596896965,0.5498390419593991,0.00038255897420769094,0.4688849137886232,0.48776011435076716,0.46254637133086335,0.5487145840340102,0.0006182354814959477,0.4736912610845405,2.0242335852555957,2.7244145008846588e-06,5.115697420213682e-05,4.588606163726148,4.517872309748177,2.0187234106871443,0.4875167357642111,2.003108836151785,1.5407515753923303e-06,1.9352515762127462,0.5182675886617375,2.996054535387075e-05,0.5081662893902745,2.054892698878534,1.993042373866962,0.5160495128070324,0.48308510156942314,0.4869371942203946,0.553146200765183,1.960754697046225,0.0003622743253156103,0.5415784782460581,5.48373191402747e-05,0.4771793271265528,0.5223395449844271,0.4799622803309566,1.9557932074093125,0.45645725520857827,0.4364312000792488,0.3878661228935246,0.0008447748119361535,0.0037789102989247434,2.114282874003791,0.4369030982764533,0.0024769632464981175,0.5602560155118851,0.569848251192389,0.4431986774301918,8.524409437191785e-07,0.0019535743321964965,0.0023100313239196664,0.002210885812170688,0.4265629156619542,0.5893418156589094,0.0022711088355782546,0.40310091104511087,0.42741403476208145,0.43082598426488933,0.002285224413097758,0.6057205827833908,0.0027117404788063837,2.100890421653224,0.6032510766680365,0.614934010219495,0.6101769038219659,0.5955562582471592,0.6267926519656651,0.38280204720233413,0.007672769327361582,2.299850876023827,0.004106974391213203,0.006029485181460787,0.006481477582705752,0.3993642961337964,0.6075864071001376,0.006120419910494593,0.5952195265658072,1.7376846031933912,1.7481135687326124,1.7645877423457195,1.7642541536578207,2.197977059624568,0.6120840432283612,0.0032743371179512625,2.1961456714123124,0.0055599021070611414,1.8110834101932607,0.386703116938339,0.010298058001222951,0.6281354418157198,0.0061423799063609515,1.8053617034212848,0.35564923175610047,0.011816089767420539,0.685423435866801,7.350535071038666,0.019577592787481463,0.018068648098014818,0.012120950605733073,0.018907706604853535,0.013990220440980692,0.3061961932922661,0.020342754325057076,0.7323505767618055,0.02138504103936208,0.725108591794025,0.020274773974522466,11.461579034267848,0.014994318098455691,0.018186498337703937,0.7096619481979589,1.6232233033009607,0.6896784740053644,0.3301309485073485,0.7118386413279598,0.01801656342369771,0.019191702240020647,1.660818166951239,2.407139041817741,0.7131242407905807,0.7122713404800542,7.349494935283738,0.019789858378114374,0.01776993579947859,0.33888127612287333,0.6942489836892961,0.6975303632644658,0.015692485463882144,0.01741741645841628,0.33052730201535124,0.020439710578973275,0.719655111194872,0.015177253306290208,0.7275607157860438,0.6490627876512374,1.5915645212277145,0.7225604144607871,0.7286166638257139,0.022865730294068614,0.021764255038274255,0.02011709598924627,0.757188379185369,0.021904859043021925,0.018253358975963276,0.0203271960943156,0.29706323195725853,0.7683086977091748,0.28002388628353814,0.027512619372049584,0.02822674294541984,0.7810446119951733,3.8856931361741553,0.2986954260467106,0.026616015931206802,0.28683808062137245,1.5498103687688833,1.5609268587255196,0.028014896519603934,0.031059128352251497,0.7839749139858649,0.7854180620092852,0.286676298077077,1.5282321834469375,0.27558028726922323,3.832143651239299,0.7766768851900627,0.8169146968571723,2.5476892903082633,0.25902268773464215,0.03625953525215844,2.6387565511812556,0.03146142331876426,0.27489206000418454,0.8146581261090934,0.03873298984953096,0.26119014889960834,3.7022528982047023,1.458223658331449,1.4879859615994777,0.04006382225000364,0.042011438397538674,1.461236507803625,0.044803856265193134,0.24962220518737102,0.03923873863428358,0.039263469502916135,0.24128481630466792,0.830307099862794,0.8501052701353311,0.05317244713268672,2.6979677805513504,0.871068416285504,0.05497315472705584,0.03899000173982916,0.05378037411470716,0.22046029564140612,0.022123160226298105,3.566257347212283,0.2175495449881841,0.899074940290119,0.2374317645876897,0.22873408125454106,0.8748010508205959,0.06255467065021954,0.22123685697206635,2.7232412171014624,0.2054130128854488,0.05936269516368786,0.2207651149932116,1.3618031425663313,2.745188987302975,2.744944894788209,0.06174144392714949,0.21826872965324093,1.3443670974861626,0.055849031773199886,3.4952656324895806,0.8538497974479814,0.926000352782774,0.06310656425476224,2.7623000069003023,2.787450955341785,0.9626358867557953,0.978804140988602,1.22810534189445,0.07045150359614623,0.1821360601926826,0.1764139034172419,1.0198286245402808,0.9460255009045903,2.8834073023792546,1.4444507310756083,2.8958382295193412,1.2318268169330977,0.1707982711621123,0.09544935718740709,1.0281247351973786,0.16635314647921073,1.057169635772666,0.09300657290708796,1.0031381551022127,0.17139115049028908,1.0130380737935558,0.0866412920735813,0.09186730175962603,0.16868115574116022,0.15951833063111062,0.09105248114762918,0.16283344152378218,0.16360762972098206,0.15947282631085744,0.16283889121340742,3.24625295707277,1.0378007655495536,0.10051088466951491,0.10349134672263607,0.09995866301682893,0.14421502535972247,0.15931077036801772,1.0761156721283842,0.1055443546703087,1.1963415540176503,1.0609689983638344,0.11420609072839093,0.10569591521050013,1.158076313005552,0.14073665010054645,1.1898540312777293,0.1473847063174927,1.1488322044923138,1.08669290110964,0.13117826614077194,0.1068356622405717,1.1441717881082998,1.0735882767851883,1.0847424930722707,6.315969578477136,0.15572064397719124,0.14205384165619364,1.177129958330036,0.09432172356722442,0.11527072383860495,0.1132995607263323,0.13936337857156103,0.11766352853327607,1.099732389692048,0.12470034099210617,0.117286935043546,3.191092545813979,15.340836110306622,1.1707680712970339,1.145953716956537,0.10120933842448257,1.1889833261683447,3.223845052391551,0.15273484690604958,1.1309472699860235,0.11406735218782442,0.12068325243704299,1.166852154577749,0.11185306567184795,0.1313952215188603,0.10256662969779491,1.0853050577926533,0.11332350949951298,0.10117399673917403,0.14233943180500913,1.1778280260033014,0.13621476985965883,1.0763742899186,0.10875041510609398,0.15852268004566988,1.0150542700083198,0.11516180908639494,0.1461264087655189,0.14973623614083853,1.2440772971648393,0.10647479434606692,0.12829501021436618,1.0664340650987865,0.1289383106391374,0.12392508509636788,0.1440222566639073,0.12170732843296664,0.12681719285245285,0.12835619602886686,0.11903146611044606,0.1213705329794044,0.11940182248316573,1.0867617318949123,0.1277849786510461,0.12949496036712616,0.13155247583475668,1.156806832173971,6.054442446117977,1.1915956791906983,0.1468051006809692,0.10527781316321216,1.1402414560088425,0.1364209724341247,1.0727251103289284,1.2168323114413306,1.2228856626976967,0.08481597624423716,0.17348971766056934,0.9932395827011506,1.2483779658357008,0.1709849591581339,0.17411146432822874,0.1808598536218042,0.994396476478564,0.16579875249863685,0.09584431588082758,0.9733783750539792,2.8838678030378695,1.292374759153975,0.19236458807145043,0.20106997513837374,1.314180819378572,0.9460887992786795,0.19551244149213315,0.08657633850656249,1.287007685126185,0.07104842220226829,1.2997269157925606,0.9636838400271173,0.9759227482276152,3.449534214734662,1.3141373856526333,0.19421602098275645,2.8103335165792767,0.20414498033732423,0.20540518044926312,0.1967779064221378,0.07098569905447247,0.18214139090435574,0.07361207822217852,3.4604106171471916,2.829405638842917,0.1985460576915636,2.7784219807899864,1.2680106524457508,0.1907119584245643,0.19697212681175014,0.18832527978250624,0.17260517252649682,0.07471895527109308,0.17917507386788284,0.9748291226104335,0.1685855028310963,1.2684671093388795,0.9410833414667358,0.1984662842570063,0.1872525631391432,0.19725108127440502,0.07164058508205289,0.06590009390021169,0.07235236876960642,2.896111613615204,0.08468897064613047,0.9720850599431451,1.273736098803308,1.2884269061015006,0.9722038161627057,1.3172567951446488,1.3466518913322347,0.0668352241947104,1.3334159860767199,0.07391462098820413,0.20196967745675112,0.20176928540300598,0.0739237036436308,0.07356440272355058,0.07047885745189057,0.9310990693623777,0.06419382034166303,0.9031606320277363,1.4086256681970983,5.498717214940325,0.04861746186872954,0.8695417219259524,0.23420414888941557,2.63352179499576,0.26218430925681,0.25129787077013804,1.4301240753171363,2.6491973929150614,0.04853297589944635,0.2157403986570943,0.8595661419932507,1.3560611559228595,0.04158213531425238,0.2582192701176058,0.8266057899154019,0.2435477942904726,0.2673040008646447,0.26028986939107945,5.207615919052097,0.27434282708575297,0.033060761171794996,0.28801910163122124,0.07595255556001522,1.5777170797763247,0.02031406353754369,1.4976210476600236,0.743843508171879,0.022331567778061525,1.5291691752034322,0.7406431048868326,0.028977445081179633,1.5858547965161083,0.30734756952392367,0.3027933807926699,0.8503453437594045,0.023810195210513238,0.22610055984027097,2.6848222830589914,3.5521529313567575,0.2925679714590887,8.940613071210901,0.029314661660604736,0.29466141126541623,1.5383734996734755,0.30787907258051284,0.2995899868464478,0.30282483186538284,0.7721795634819989,0.2938878564619752,0.31477710218732324,1.6146365604116952,0.3216378250861392,0.022316319413409298,0.7185315645171254,1.6182849388791032,0.7179922996234791,0.01912948787013703,0.33104196032382455,0.32213762585918826,0.3250306630198151,0.7113649054767817,0.020101062543698155,2.4104169501901045,0.021978506329552516,0.019204564160712763,0.6839516132716749,2.336843488597293,4.996524684744257,1.6628890734550978,1.7054100324378354,0.02937470728717381,0.6712973921642582,0.3536916896438019,0.33350098715567783,0.324112026709748,0.012827337967328252,1.6312820810528132,0.7037688522296771,0.7221037652193101,0.3578046982223614,2.359245761741728,0.3437739576225052,2.3313736735438146,1.6932495358941846,0.6781343852547246,0.6735570508594259,2.311772966182343,0.01752869918462597,0.3407423363649222,0.25998668728803426,0.014479873965627759,1.6917363547310842,0.6695061393738952,0.015850926737226666,0.6790578173943982,0.34743250118844105,0.3543761068489387,0.36394649795308404,0.3731381357172201,0.010397207524120856,0.3691102137246423,0.012054075995094582,1.7229384536850163,2.3270978665569886,0.3419955834820235,0.3473018890978369,1.7399154223169664,1.6494162492927138,0.3513780236128467,0.3502826307997605,0.6500931515386482,0.3587812244524749,2.248279380794079,0.34864123857300294,0.631211749721709,0.6387166934503312,0.0070974136530464575,0.62268752462973,1.7604744506073209,2.1838015505703092,0.6335100420714053,0.0050602497753974495,0.3969294974844441,0.5729507992313377,0.5864998706659063,2.193107389423205,0.4057847990437879,0.005677710316641275,0.5895470593485787,4.7290745472204625,0.37561642355692115,1.7717525447144187,0.6085938368526018,0.0071328480710064765,1.7827194678473077,0.3903787152746634,4.8062218625515465,0.006786856503505077,0.4051784240521514,0.003619617053620744,0.002311397988837866,0.0029342896751544546,0.4458200971053443,0.5728580897987999,0.0028982963644586797,0.5642170126854475,4.688552345314803,0.564199749079649,2.1587269083594895,0.5767843683995804,0.5687243473004324,1.868642090656346,0.4673235862787154,0.0019579361656074786,0.45917531604497897,4.634866446754877,0.0015332492520096386,1.7965513195252572,0.4473975296646176,0.5494702828024866,0.00032864611003613335,2.063693024219626,0.46367450299967894,0.605810793743142,0.5103209664729377,0.45945878002791785,1.9324731217099254,0.0006562838681328532,0.5129546260072534,0.529836931486467,0.5323153327033385,0.5003743768957248,1.5001352136992733e-05,6.650953889258298e-05,0.5160550614981357,0.4856645233528918,2.042001279327144,2.687828145503101e-05,0.48858836059146515,2.1765847430138228e-05,2.0000613178534126,0.00024977246143482844,0.0006432076229678748,0.5410015554951295,4.433086562863959,12.312921896241473,2.090011387500763,2.0174295446270025,0.0012602507510156213,0.45902135634943997,0.44778438039770196,4.40680215460812,0.4561593722260185,2.0113108721179884,0.000979539384756528,0.4548648660871407,0.45172735433174427,0.5570440621640903,7.869771680197192,0.5538280312859946,0.0013189160335792727,0.0012486298311172289,2.141489945397093,0.43542594158798936,0.45119215088121684,0.0014580909250547203,2.1306285591308582,0.5812986571371112,0.5867399186076473,0.001800727062104726,0.41758255234727015,4.298449806707767,0.002342150021400309,1.8851999753595865,1.918616714390733,0.4560195663515122,0.5774944034009791,4.634351788692293,0.4288494862213001,0.5687835129488896,2.120869272628277,0.002840925665282812,0.004072227385461894,0.5888403145498108,0.005040932143353088,0.0021833978406262436,12.261047061755416,0.4093882155397023,1.773181857550604,2.1683617023636987,1.796856738939055,4.214793678119624,0.40971844008033537,0.4342117124618021,0.6081686018069861,0.0004289075989913512,2.1277960482222578,0.0020102292986020156,0.0021085422366884906,0.5528942991187187,0.5456342682957172,4.384159513933068,0.5249828870892457,0.5476745412426587,0.5545219031722594,0.45909075315287334,0.5192688178464917,1.8806792666730667,0.0012681266058924407,0.5690727987160267,4.27350925534926,0.4142989066284244,0.5960170371234205,1.8136473764291265,0.4096546428527834,0.005227746970020012,0.005228365718374433,4.2517687365217,2.1455899673027705,0.004925825874022157,0.4211387465694322,0.0009505952930707162,0.40169027023668513,0.39404189201362344,0.413648311213022,2.2143326311688045,0.6098859173175991,0.3806241257741298,0.4225721019708305,1.808742411335335,2.169813075895291,1.9054801952979334,0.5748002242102599,1.9757390409709117,0.44045114573135363,0.4331270012180961,0.5743168128744562,1.9568995990100133,0.5472193910973943,0.001108890379564499,0.5659057370089927,0.002826411179093428,0.4507706700706702,2.0713436158375864,0.00037711953521932457,0.5394316361371302,0.001917037659823226,2.128660665426236,0.5028460527339704,0.5932355215941064,0.47420814832976904,7.720361702530722,0.43332599790398985,0.4119827881020552,0.6179791393560986,0.4028877804775828,7.180071306488677e-08,2.0717139833438227,0.4085150645466464,0.382185296194604,0.38869780802090087,0.6219767988215545,0.6044446654510168,4.01197240523896,0.6830736999379861,0.34498960086052183,0.01150263123147003,0.6321268413570085,0.3835780318121734,0.6467705642097321,0.005862772072881895,0.009978832436528879,0.6768970185882544,0.6333934439487438,0.6278241085650905,0.6245424127658211,7.435528511469184,0.5723248175567243,0.005479767151279423,0.38369491813960993,0.3963603909051611,2.22721158396195,0.6054951498812728,0.6094050323212296,0.6318021128348777,0.357822156224154,0.36797388182644325,0.013170741231825345,3.9807204156654823,0.3492697560543778,0.0123979712136176,2.2652230813356913,0.6445140835545448,4.076162656602896,0.6733708342227037,2.350785855643967,1.6635145996513714,0.7213870276148258,0.3736826192645426,0.36590911431734857,0.35617409273217654,0.3641115296517542,0.6791824525476605,0.36716478543597036,0.6495424584156066,0.36640022543332634,0.009661888071685196,1.7409109186210494,1.7410504149287704,0.360694707835367,1.6885875671320014,0.6958121618783257,0.34333662895050654,2.349025152223699,0.705546816550796,0.7538312817194736,0.021627055196467303,1.6311708650717398,0.7476294041810134,0.6469106922764324,0.7534059180273376,0.6959450511129053,1.6107020131457412,0.3102186284859024,0.7474005391027093,0.024351285912197967,0.3083960988263583,0.3265201842238446,0.7113622538111569,1.588006799295296,2.505449125083483,0.3236949633122028,0.7438618998438001,0.011430313623628275,1.6184523365564698,0.026782265185034675,1.5556840791063895,1.603948872228299,0.02179861160568045,0.021953322018409955,0.02540269090139158,0.7216282605842906,0.3194610784617155,0.3152376265178595,0.02661301822498178,0.785232372716792,0.29179749730361465,1.5226310256629103,0.03166878427559173,0.771916439133828,0.03108345302780445,2.551948158684633,0.029157936329852682,1.5778038743379112,0.6903312354926822,0.03551395239295364,0.8098138907858691,3.715796857608713,0.03585015835377193,0.7994017084146054,0.3080992364024906,2.5016105208922856,0.03578832453356506,1.5231446180889507,2.497356205340526,0.034794163469433106,3.785517160807879,0.03411452830099691,2.5049037317056113,0.2729581742055053,0.2813808315906601,0.8294896798069866,0.266512291555003,1.4937666412955994,0.27579567560974017,0.7932037077582422,0.035699944597648754,0.7718738064727019,0.2627618248959202,0.030141527889850854,0.2767901848751677,3.7056336403311416,0.045923634788765356,0.8391479104304239,0.2579135876340067,0.7322747136633666,1.5005166170524578,0.7835618176681086,0.7327733508909393,1.5286015461642237,1.5517199249353166,3.7387634610626157,0.03065584052380788,0.29019662749972636,2.50253107903569,0.2599022840821667,0.029910481667399635,0.04017125603984103,0.8167219006487849,0.03669137357233824,0.25429018897635164,0.04034652628580157,0.8296972368046515,0.830388579499072,0.04972699542987742,0.04780454775900695,0.04901347471195397,0.23499125163489315,0.22898852496053138,0.8620439521032109,0.05188700678617895,0.21420224989155354,0.8978474210574963,0.0504571228848451,2.655094670482165,0.8568044969068126,0.04737186005897876,22.40074158112218,1.3899213696173822,0.060156660413317485,0.9207857767708727,0.060212703083090124,1.340055562845991,1.32449016610376,0.0566813733735995,0.07059478670891636,2.72883653921507,0.9185254026121913,1.3386228757245433,0.20198055306344329,0.06394601909058623,0.05406636378395565,0.18587579824475023,0.9516005479458245,1.3263108287942507,0.07413184283009945,0.1934717873952452,0.9124126298997502,0.06383954083292875,1.28478434763227,0.9598929564782454,0.988219044299516,0.19924361777859964,0.9444165043125928,0.07202945672414442,0.9186841463053899,0.05710683435220005,0.9588044729252282,0.08686814592887857,1.2494864230979976,0.958397016285132,0.2047105711882447,0.19932263150823043,0.19013888180434688,6.51826063951338,0.8624799139138011,0.9673218493462203,0.9594495714298644,0.9012316641346463,0.076481769539646,0.08043533099519645,0.08310852813299478,6.392639008364875,1.0046750698582263,0.07537318235036689,0.16471552163781875,0.09999089809577275,1.0377746699678816,0.0932478768874634,0.14206611529619845,0.1332608540350721,3.275759809772362,3.2422124808348003,3.303282068188124,0.09443256553398094,1.222804348464123,0.19637128750655777,1.1660471590696189,3.0036920970828485,0.1583086441997782,1.0687649674222812,1.1731427803133496,1.1914614249360385,0.14125409183339172,0.09923915355529982,1.1002540263678016,0.10172799009597841,0.08895794873223475,0.08346412043066209,0.13725490088511297,3.010971470260649,1.0460709736217053,0.15299701394910825,0.10239943189514551,1.058803590007635,0.08479151018891518,0.08395485984559807,1.0181576907570227,2.8233757561297113,0.1639938829842407,0.16237211803656781,0.09756694252741577,2.8355980716738816,0.09962107687353461,1.0686477934824485,1.2108738578469755,0.0913333698730168,1.1649177421900865,3.366863691161656,1.181639337976305,1.042042739894013,0.08794542444468295,0.09239662382466911,0.1368467307779507,0.17378678963548164,1.0581435033301336,0.12140828208814056,1.0324332281026103,1.1222407961295358,0.14874672500698471,1.05005445681342,1.0739625978601117,1.0488037611939542,1.1190818136646759,0.11230336651598896,0.12933383280475266,2.703363958514074,1.088922387769086,2.9279198152135737,0.13703982710977425,0.13272649154250452,0.10984165989845515,0.09930955106117131,0.10201385509144958,0.10780239707055304,3.2142060123333307,1.076943268390162,0.1423253897270892,1.1026091409803729,1.1701158695909601,0.13013943192999225,0.13193611791242293,0.13476351449620544,0.10559893048328377,0.11994013587353755,0.10517986199895951,1.093492499726396,1.0752243464592732,1.1146300244000331,1.0946033291161363,0.1381686895142367,3.094719815347055,0.10965749339566866,0.10935909235088785,1.1183621331105356,1.1206997414843505,0.11897878249351979,3.1634071694084533,6.158462697575276,0.11643328502959754,0.13155251323809972,1.143510446549808,3.1164220051746323,0.12442795010919246,0.13956357195104974,0.10521511901747593,0.11095629657306486,1.1650904406515532,1.0594971438774419,3.071720244612496,0.13400783103109196,0.13330069900136232,1.1490154970639859,0.14766620227623406,0.10631055248047137,1.039105600699659,2.997332782175032,3.0194975055531645,0.10826873025180336,3.1306099173010593,3.070405147783029,1.1128047430315777,1.1293886374370623,1.1975932400547442,0.14889887853276576,3.200975024088941,0.11597048906182962,1.104498501391092,0.12386668301542056,1.111892759574781,0.11649321158429635,0.10883637830475255,0.11107372878864955,0.12550646832314566,0.11857797755039079,1.129862808592319,0.108051286116645,1.2046538352752907,0.09055766709097843,1.2078298592677237,3.261340334744975,0.09361479898722645,1.1973117115187109,3.133943405045276,1.222684504874062,0.14425262217730617,3.1752485970262185,0.15906312684744786,0.14508794879066783,0.15260364422710992,0.11312413120076768,3.108027314683849,0.10248700160526036,6.314042940468527,0.1064678272805138,0.12733099527319786,3.1886505256269517,1.0487692455309496,0.10632794494291585,3.230331420774836,3.0937679849962767,0.11016124970868976,6.016930726718317,2.998935602453316,0.15176415075493338,1.1121085390444336,0.1160971100995802,0.10799203297869607,1.0471254357864426,1.153477466705276,0.14359785509071332,0.1412858237201081,3.099084390795617,0.14077532852913943,0.10096350073269303,1.2174139463790297,1.1567467646509222,0.122926403962613,0.13687571827819592,0.14078176173349732,0.11774466440294055,1.112453816450745,0.12348037740201129,1.0713924948164084,0.1453707378030865,0.09082078870157209,0.12383806108460656,0.1611036083932023,1.1265851446286017,0.12430679116138903,0.12321731409789492,0.10890439015364982,1.040672649649307,1.0909361618462647,0.12366321182393852,1.1191595735165272,0.1162749033850366,1.1302185620563796,0.11921147867373023,3.0368468230918,0.1335007459932798,1.1749862011597565,0.13433289613232846,0.10418665687260384,0.11734880729713025,1.185383455211897,0.14991939162240076,0.14529043786046486,0.1504335557296371,1.0980084423891843,1.090004381971309,0.13892097407176537,1.0907816167375164,1.1106956520904163,1.110019847438016,1.0319207877903827,0.09919927535149475,0.1601958409236608,1.2062339308603693,1.2450504550935764,0.09294037835873376,0.15843381906259663,1.0412277110495887,0.17183796438432408,0.0820782422085257,0.0706508814379818,3.417332982001512,0.9930233006690817,1.3002700337997746,1.2633676783149221,2.895407927930875,0.08117046701916349,0.07978715064371857,1.176290999776313,0.96455134953042,0.9880765914783145,0.14936440010297167,3.3101607624644775,0.09311280743537824,1.2479618109961679,2.916101801324757,0.9968641042051819,0.18109131419003696,0.0768394698879186,9.642607502400743,0.07577231837644739,0.1553475406746114,1.2668820901608653,0.07516826028280207,0.07732581341353238,0.07482139555984033,0.08360260268316116,1.3005698876211464,0.16847139964581737,0.19381845194302855,0.0755070426123246,5.767115747235295,0.07883072158009738,0.0733598661780102,5.671755166477524,1.2656213966818588,0.07053388498856523,0.07068833384929675,20.497784123364177,0.18749292019614444,0.22082833128211737,2.7437605465019295,1.3516351445467212,0.18197784551413967,1.4019607035100368,0.05205205608656244,0.05576163786876782,0.20963790366348212,0.20451222767210311,0.24880388322587774,0.2414635687950414,0.04365374170124721,0.04654343495802639,1.4429419219674708,0.04619377318587463,1.4259476602979035,0.03598103928388377,0.050542547048680934,0.04285644024826826,0.04132215471566716,0.22942634965162914,9.275013901088945,1.3317652643978666,0.2122192019745081,0.24175286819521027,1.4264151433239465,2.6621857593426177,1.2869472873056662,0.8668180484898588,0.25017438269990405,0.19369930407091845,1.388782418590203,0.057301631139026726,0.259632679205853,0.04882902685859017,0.840359034628494,1.4049349867498895,0.04449874022474913,0.047452518732540167,0.047692936783312045,0.0448602646135265,0.21928693045548,0.053934924407905545,0.05044616628930339,1.396016878992519,0.2525292605457607,6.83464188191533,0.2387120011384521,0.226331395701018,0.04113578986347981,0.26741186790269955,0.23871278259873446,0.03164592224030828,0.20511720510097364,0.27332020082857733,0.04740774322261649,0.83818034751646,1.5181686553007656,0.27433455673322477,9.145613575425438,0.2517113658181186,0.2377327253609437,0.7750470401060993,0.030872086087173675,0.2779041270431921,0.04702115866328009,0.786818251656747,0.7902081954928244,0.7917656233929768,1.5016983543624864,1.456501102957986,1.490915241233416,0.03473528653792081,1.4743404404922855,1.4349181037397212,2.551741583806673,0.2864036077103729,0.26259663487882556,5.294243783067507,0.30493820470037125,5.166691064370313,5.172292422971612,0.2948114610989021,0.029788227079784884,1.5707939826500554,0.3068013783854008,0.3057451986377324,1.6400018620801047,1.5676069847491862,0.027787769762368873,0.31620016424780634,0.018481235736084164,0.022704374829757474,7.216292586711388,1.6167931804605435,1.6019505762067516,5.1508146081361845,0.7577644566722812,0.02091708814750652,1.5334539557922258,0.29405155799374016,0.7428028773131958,2.4034784324838663,0.022430616080569576,1.5777207091660086,0.32743581581714715,2.411741185879391,0.03494055599759042,0.6687351356077011,0.3577074497259261,0.010125154810853828,0.02260485170879298,1.7358941010065598,1.679811262098855,0.34791482044124067,0.3277931710946156,0.018289775898180857,0.015372668130493457,0.3418458950571786,0.36040569901768393,1.636129942658725,8.726534620848964,0.013910232893615848,0.015267275319055055,0.01513726410909895,2.303151747520486,0.34357023759902217,0.3512439447290761,0.32364069339309814,1.6588809488611913,0.019460651332203448,0.7538901720285953,0.336135601998975,0.7476512752809458,0.020906749721278695,1.6250529867837131,0.01399182264304916,1.6916372593516877,2.4032726994200306,1.5692776810743374,1.492500955650949,2.475566352553797,0.3057426109657474,0.025468112875164664,1.648146544058264,1.663488542388216,0.032358410005420474,1.5746139834652024,2.447072008190899,2.421104180511543,0.3309239908551011,0.024090553563588572,0.24127215613548825,0.021462457676804013,0.7209542018349706,2.452888674819429,0.018564237282025834,0.29053802670241097,2.4532881952767704,0.02496647110885446,0.7376365789378372,0.27465064962052593,1.4135363927885904,1.5944558332144327,5.232944181431068,0.29963412785133287,0.7426237034660742,1.6417509165232465,0.31186386409837863,0.022655585559851175,0.6872374426596464,0.7272652363439676,0.2885114956356209,0.3278822837425456,0.6800990129383775,0.017100937269621624,0.02237284767432151,0.015926604222860238,1.6443244211119115,0.01398156614790325,0.018560113612117145,1.562892388719181,0.021711583463165433,0.02225008341048195,0.02075442145092536,0.02516392288158801,2.4171320976743953,0.7155525471069528,2.391636244142373,2.315915003875662,1.6653668665203079,2.3237787987045997,0.34067580721504787,0.017596809008747608,0.3394272195073273,0.014169814215261079,0.6710320295591764,0.012891348844435217,0.3381645105984859,0.3375454732323435,0.689363109810516,0.3514320615473567,0.36907944449755226,0.3469177131407717,1.721285487941235,1.6274780986120996,0.38234634968780046,1.6031030953300607,1.691291828740628,0.01140200629128912,0.37167990506913556,0.7183702642808939,1.5910920401703352,0.667922271424348,1.7241897800672594,0.37507860103075896,0.3539872667919416,0.34456103347028155,0.013235911165594368,0.6752584366680253,0.6683485772549679,0.013428645133549,0.6900341895738704,0.37100646998267145,0.3520152607947613,1.718249322364082,5.08631545356039,0.6438387867669045,0.6746423360264229,4.832414360614173,0.6173991389640473,0.006584802242491096,4.796208823291695,1.8743671264803066,0.41801558551932966,1.770677754234935,0.3980500354363165,0.011810926675197585,0.37589231473267243,0.41080137236862646,0.37918472186885627,0.4574488852433213,0.0009303318404423975,0.42788971824747274,0.0002257837640513767,0.0029334940234878397,4.690071735476857,0.0009144976079297895,4.3713589197338205,0.0018306125618691852,2.1659091015374847,1.790025687835374,0.43872257166609596,0.4070784665951978,0.44244441441815363,0.0034059833209937524,0.5611644807344486,1.9051236581226545,0.42897095031522126,0.533951158311652,1.8975190112507472,2.042546395928978,1.8606088881449907,0.0009765798246642746,0.420742197113378,2.0790745394334174,0.0024111041246026974,0.001351313651799419,0.40733622838841316,0.6156100402432011,4.127607456344669,0.40280151678359705,0.606510606025964,0.44587213742038057,4.650195580214971,4.134938527257973,0.4330583914611396,0.43823701826053874,1.74774592964807,1.8402754003864972,1.894184039842804,4.704447718663336,1.8582964289671955,0.004846124397552821,2.1679315922593383,1.8418364627393675,0.6022038991219754,0.4329006812853699,0.605723854267503,0.5793573125170565,0.6182720651127283,1.8861500993251583,0.0020219109681124748,0.5191416370047021,0.018657176116195048,1.8212094511871308,0.4207222495556451,0.5287521572739193,0.43982672177453325,0.44899965942031533,0.37691907129959534,1.771051510443614,0.0035124946371536507,0.39216301312327867,0.004292792391758804,0.3928401059314918,0.42994274293278995,2.0913116873208595,8.20373492646811,0.001194304161958931,0.0011189011203160694,0.5285227564178886,0.0033549575563318118,8.180479296247267,1.956941904173061,0.001138154060515299,4.288378045839022,0.002974087436867503,2.11889635742787,0.5837576035609857,2.1654832013079823,12.809837665477145,0.0009193194657910923,0.0016578997824380718,0.0010260366143217314,0.0018197823375783408,2.087672153279165,0.6148468916124713,2.146389742891786,0.432221331704162,0.006227740257417745,0.0022940934802619115,2.267004824808442,0.4502584326854002,0.4571178252043427,0.4386545038310404,0.3974011528962078,0.4378874690848079,1.870173460097449,0.5602552218781716,0.00130052501010921,8.117818988313294,0.0011210278845865287,2.1787370383233395,0.44112738785769,0.5686160772282509,0.44309642438085556,1.7696821138407481,0.004269420972301966,0.5836354343039758,0.002511128843376281,4.310306907338931,0.002030893340249515,0.0017647313147031514,0.4110923742867451,0.5236912196712535,0.0021493173603621997,0.001874805220044053,0.41689324131036515,0.5408245636883867,1.9389867321209975,2.055617405284793,1.9565862293792435,0.000925250036985407,0.43444359087861684,0.42157654203515427,1.865780914977626,4.723004290847588,2.156945809589086,2.0767708984648166,0.00210499879938186,0.00419929988104361,0.45032621097622505,0.001661201071607935,0.4649859381173666,0.39372094829316323,0.5766778746969873,1.9459277263131303,1.8997363467218396,0.5773121404050596,0.0032071470306516093,0.4438986489852013,0.5745776490425765,0.5849842228137224,0.40544166604460263,4.6483596834655545,0.0006431327983624529,1.9478756166776776,2.030750851527878,8.264487656433288e-05,0.4324665888051636,0.0003647884729297136,4.41225916413102,4.4084425854361955,1.8180339400365537,0.0028691912589450404,0.00044183624067920354,0.00034930400915145264,4.6979492267863385,0.5400045991108108,0.001018920105837241,0.0002009778861658104,1.9531644303657558,0.0003929491704541095,4.490872742017183,0.447206005045719,0.002427397209945348,0.44978197121507363,2.002412976922468,0.4848063518304747,0.0011071774613363148,0.0005771516260629328,1.9776938658803054,0.0001291437428219975,1.9948262047376901,0.0002831243306839124,1.9122757231794156,1.995348136267709,0.4926960310683714,0.0005426585973685356,0.44705405538164783,1.9083610398125097,0.47303092927750034,0.5639101843857008,0.0007978987424533996,0.5552308613469781,4.387234985717359,0.001968764478486662,2.158472600679279,0.5977209647348679,0.004022907261077517,0.000245977685284294,1.9136657188707211,0.4171451831147453,0.5723497541297045,0.5715790241397891,4.39626274720841,0.0011019432558792485,6.248128692991413e-05,4.318447899589043,1.8603609263319385,2.0507812076874914,0.4837533104917961,0.5258500874196244,0.4764788333900081,0.00017381078587769443,2.1057139653361805,0.5775921200242137,1.8635358109502398,4.3773749030457605,0.5540012183805192,4.638541396202816,0.0009024882110595791,0.5795969726159242,0.5646784249139272,0.4473894127523853,0.5873029355159827,0.6105098385516823,0.41870402353462177,1.80826964212743,1.814896744227799,4.747665615031744,0.4386565087042795,0.0011198096861537495,2.176984626425473,0.552603489373245,0.5487783773796662,0.42490035215414323,7.5157013773401e-06,0.0010497616910253931,2.084462984691141,0.5570957175303588,0.519546950620783,4.400168909141062,1.8484203170717213,0.0009217831972023013,2.0729138709938732e-05,1.9461296678870121,0.5002040072751093,4.423818568323866,0.461896820158453,1.9379558078525945,2.091965338555004,0.48823746952201963,0.4476534347611667,4.361198277122929,0.5637496069998018,0.0018214724700789107,0.0017973100644398464,0.42444139914459367,0.4226283106805463,1.8754759896685076,1.8526022584326483,0.42664339661572714,0.00232571565517953,2.1190133088337375,0.44111079765845196,2.173648381212309,0.4278408205195174,0.549539819176117,0.5282902335142452,0.5782225151118704,1.8369235580762506,0.002125015108322368,0.5258839840345088,1.8906234953589465,4.30686968429944,0.4412649555920739,0.5503727909986464,0.0023065926375393686,0.6130370611810358,0.6116173007553365,0.4268992251794607,0.005474892791399444,0.3998824415789325,0.005119662979868401,0.0033407081288226517,0.42549340651808154,0.004910431962320589,0.008012311514347002,0.39264814499638356,0.003624520150763896,1.8014413895651364,0.433664879229584,0.633165968476722,0.003442202254212412,4.212798222746408,0.0017761708532155352,1.8208632251914478,0.5631315915678045,0.590957884199048,0.44054761886776234,0.003313781947617379,0.40715171536697703,0.411352655936805,0.4103393923797032,2.2187169096897588,0.002538239803109563,2.1470810544781846,1.88666542320124,1.8650853937533582,0.384739395702374,0.006725775663899522,0.004713278591802756,2.270346147910757,0.41431962573002573,0.37062026005041904,0.6162551164710498,2.287981222684633,0.6709641404581516,0.6498861107326432,2.2160023427017794,0.00973191382901645,0.6796925043612754,2.281083773636839,2.308577704076825,0.37271239710837134,0.6592226058535005,4.869104459600366,2.3391770151015163,1.7069484230243643,0.01391495926234753,0.6421394771654475,2.357708667261959,1.7105091072415293,4.988207891917248,1.6441108952605255,0.6200739466669879,0.00472544611792909,0.648845829938774,1.6651225606532853,0.6609747066609598,0.42095006199325397,0.6479245978137141,11.750589958676859,0.007987178100752121,0.3881617351863053,0.006815915889928999,0.39403770038704744,0.36503748785401474,0.3661149034552893,0.008059694775277817,0.012591695654848996,0.6376348625227849,2.2154423919452007,0.7023849814615731,0.3562186219461892,1.6552734701431873,0.3235900743069236,1.6629737583135904,1.6371235537455875,0.7389611285571015,3.9658865163705372,0.7522802918665724,0.014756184472128687,0.6779785119415238,0.7165187279558719,0.6946112235498184,7.31399591857942,0.6553919842084776,0.0049882301094769,0.0073646256032880155,0.6497966631632924,0.011651096906786798,0.3754106177720583,0.008869832545325659,0.010308145204665796,0.008162624683692839,0.654614681605425,4.036425570914428,0.007622870266713871,0.3914566273699902,0.673157013097522,1.6655989301585539,2.25651865536238,0.33456693450911834,2.3753339196947953,0.016038394527977083,0.6737516216884283,2.147941009113874,0.014515602360445946,0.019752198465027564,0.02198677038763554,0.30955020915403014,1.6641685777585156,1.63536234317835,0.009798985699733389,1.8190186484413509,3.934965284212247,11.8853226973633,0.6951948780717878,0.3291023221141233,0.015343321403624332,0.3319876540116778,1.682016254525336,0.015008551050225019,0.010998177831838983,4.017530447165783,1.680697512262487,2.177707128392394,2.2581261615853867,0.012813966761337052,2.289051204759136,0.3748961034501034,0.013570817268395667,0.017118656433445695,1.6976640078298575,0.013928084456511109,0.701573319308432,0.6956024824067158,4.870962788661859,0.013315463688069486,0.3765510025141026,0.014472607271590771,2.4111533807550254,0.014891105041042019,4.049913898744806,0.6091533939584657,1.6582923958050249,0.6739227920122896,0.01692924261196474,3.967922410101646,0.7508916412340461,0.017327669655613324,0.7252113550373769,0.3054611737697947,0.020201092105889582,2.4049504565699253,0.31806978862184726,0.33385862290064505,3.86834704934573,0.02537219702927887,0.02517879071231439,0.30084512429737764,1.5802577841606904,3.8549708725516436,0.3101757999836882,1.5699891035846834,0.7333464904775807,1.5653284289615084,3.930794272065252,0.7398774417018497,0.3041778544436508,2.3111908393312115,0.2968685025932441,0.7327627335714096,0.7128857120739441,2.3283111170600574,0.7453661632294444,0.025892033703426368,0.2889068030252919,5.063573905528509,0.02503980835808196,0.026178855775558344,0.027833175887215813,0.03533479966152164,0.2698768194070742,0.2914941860273787,0.3062712118512262,0.27041301857858274,0.7795143371164931,2.6423771441635733,0.770204342320213,3.647532593210909
